X, Y
0, 163.833
1, 89.738
2, 10.905
3, 32.429
4, 69.143
5, 21.905
6, 21.810
7, 43.333
8, 69.333
9, 111.000
10, 117.333
11, 110.333
12, 60.333
13, 86.667
14, 118.667
15, 128.333
16, 111.000
17, 26.000
18, 17.667
19, 56.000
20, 86.667
21, 27.667
22, 9.333
23, 11.333
24, 35.667
25, 112.667
26, 100.333
27, 36.000
28, 32.000
29, 104.000
30, 107.667
31, 78.667
32, 36.667
33, 30.000
34, 54.667
35, 39.667
36, 87.333
37, 102.000
38, 94.333
39, 22.667
40, 20.333
41, 92.333
42, 110.000
43, 111.000
44, 99.333
45, 42.333
46, 47.000
47, 95.667
48, 106.333
49, 100.333
50, 105.000
51, 99.667
52, 86.333
53, 19.667
54, 10.333
55, 35.667
56, 74.000
57, 70.000
58, 38.000
59, 33.000
60, 60.000
61, 88.333
62, 90.333
63, 65.000
64, 68.333
65, 59.667
66, 55.667
67, 54.000
68, 76.000
69, 86.333
70, 78.333
71, 40.667
72, 36.667
73, 76.000
74, 69.333
75, 19.667
76, 11.333
77, 38.333
78, 76.000
79, 85.000
80, 80.333
81, 54.000
82, 52.333
83, 12.333
84, 1.667
85, 3.333
86, 17.333
87, 85.667
88, 91.667
89, 73.333
90, 25.000
91, 11.667
92, 16.333
93, 60.000
94, 75.000
95, 54.333
96, 32.333
97, 57.333
98, 28.333
99, 102.000
100, 101.667
101, 26.333
102, 6.667
103, 64.333
104, 27.000
105, 78.333
106, 116.000
107, 115.000
108, 114.000
109, 81.333
110, 81.667
111, 115.667
112, 71.333
113, 15.000
114, 20.000
115, 32.333
116, 79.000
117, 10.000
118, 12.333
119, 69.667
120, 120.000
121, 75.667
122, 16.667
123, 7.667
124, 4.000
125, 2.333
126, 9.000
127, 19.667
128, 88.667
129, 4.667
130, 12.667
131, 68.333
132, 135.667
133, 143.333
134, 141.333
135, 118.000
136, 19.667
137, 11.333
138, 49.333
139, 150.333
140, 120.667
141, 15.667
142, 2.000
143, 3.333
144, 5.333
145, 13.333
146, 82.000
147, 154.333
148, 95.333
149, 15.333
150, 7.333
151, 3.667
152, 6.333
153, 22.000
154, 126.333
155, 98.333
156, 25.667
157, 44.333
158, 78.000
159, 140.000
160, 163.333
161, 74.000
162, 129.333
163, 16.000
164, 36.000
165, 91.333
166, 16.333
167, 4.667
168, 4.667
169, 43.000
170, 77.000
171, 9.000
172, 7.667
173, 3.000
174, 40.333
175, 149.667
176, 129.000
177, 9.667
178, 5.000
179, 2.000
180, 3.667
181, 2.667
182, 3.000
183, 102.000
184, 56.000
185, 46.000
186, 4.000
187, 3.333
188, 3.000
189, 1.667
190, 6.333
191, 5.000
192, 1.667
193, 104.333
194, 12.000
195, 3.000
196, 2.000
197, 13.333
198, 95.000
199, 3.667
200, 1.667
201, 1.333
202, 1.333
203, 1.333
204, 1.333
205, 3.000
206, 6.333
207, 75.000
208, 69.667
209, 21.333
210, 20.333
211, 127.667
212, 33.333
213, 5.000
214, 3.667
215, 26.667
216, 61.667
217, 2.333
218, 6.000
219, 3.667
220, 40.333
221, 92.333
222, 15.667
223, 2.333
224, 1.000
225, 1.000
226, 1.000
227, 1.000
228, 1.000
229, 1.000
230, 1.000
231, 1.000
232, 1.000
233, 1.000
234, 1.000
235, 1.000
236, 1.000
237, 1.000
238, 1.000
239, 1.000
240, 1.000
241, 1.000
242, 1.000
243, 1.000
244, 1.000
245, 1.000
246, 1.000
247, 1.000
248, 1.000
249, 1.000
250, 1.000
251, 1.000
252, 1.000
253, 1.000
254, 1.667
255, 1.333
256, 3.000
257, 22.000
258, 12.333
259, 1.000
260, 2.667
261, 3.000
262, 2.333
263, 88.000
264, 4.667
265, 2.333
266, 2.000
267, 3.000
268, 4.333
269, 1.667
270, 4.333
271, 117.667
272, 8.667
273, 32.667
274, 4.667
275, 0.333
276, 0.000
277, 1.000
278, 0.667
279, 3.000
280, 2.000
281, 9.333
282, 123.667
283, 3.333
284, 3.667
285, 84.667
286, 5.333
287, 1.667
288, 1.333
289, 1.000
290, 1.333
291, 100.000
292, 34.000
293, 1.333
294, 1.667
295, 1.000
296, 0.333
297, 3.000
298, 1.000
299, 143.000
300, 8.000
301, 4.000
302, 1.000
303, 4.000
304, 3.333
305, 2.667
306, 2.000
307, 2.667
308, 2.667
309, 1.333
310, 2.000
311, 4.333
312, 6.333
313, 1.667
314, 1.000
315, 67.000
316, 25.333
317, 0.667
318, 0.667
319, 1.667
320, 1.000
321, 1.667
322, 1.667
323, 2.000
324, 2.000
325, 2.333
326, 2.333
327, 2.000
328, 6.667
329, 2.667
330, 0.667
331, 1.333
332, 34.667
333, 12.667
334, 2.333
335, 2.000
336, 32.000
337, 63.333
338, 6.000
339, 5.333
340, 3.000
341, 129.667
342, 99.000
343, 15.333
344, 6.000
345, 6.333
346, 69.333
347, 68.000
348, 8.667
349, 91.667
350, 35.000
351, 21.333
352, 14.667
353, 3.667
354, 0.333
355, 0.333
356, 1.667
357, 1.667
358, 0.333
359, 2.333
360, 53.000
361, 4.667
362, 38.667
363, 1.667
364, 4.333
365, 4.000
366, 23.667
367, 29.333
368, 87.333
369, 15.667
370, 114.333
371, 59.667
372, 35.000
373, 92.333
374, 6.000
375, 2.333
376, 3.000
377, 0.333
378, 2.333
379, 8.667
380, 40.333
381, 68.333
382, 38.333
383, 146.667
384, 27.333
385, 8.000
386, 1.667
387, 3.333
388, 62.667
389, 13.333
390, 5.333
391, 6.000
392, 20.333
393, 102.333
394, 96.667
395, 6.667
396, 5.667
397, 3.000
398, 6.667
399, 14.333
400, 46.000
401, 40.667
402, 5.667
403, 2.333
404, 5.000
405, 18.667
406, 89.000
407, 5.000
408, 2.667
409, 2.667
410, 3.000
411, 5.333
412, 5.333
413, 3.333
414, 3.000
415, 7.333
416, 36.333
417, 71.333
418, 21.000
419, 5.000
420, 1.333
421, 5.000
422, 0.667
423, 8.667
424, 4.000
425, 3.333
426, 3.000
427, 1.000
428, 11.667
429, 18.000
430, 9.333
431, 38.333
432, 26.333
433, 9.000
434, 4.667
435, 1.333
436, 5.000
437, 60.333
438, 19.000
439, 3.667
440, 3.667
441, 6.000
442, 4.333
443, 2.333
444, 0.667
445, 1.000
446, 1.667
447, 5.667
448, 5.667
449, 55.667
450, 20.333
451, 5.000
452, 0.667
453, 7.667
454, 1.333
455, 4.667
456, 2.667
457, 4.333
458, 4.333
459, 52.667
460, 20.333
461, 5.667
462, 4.667
463, 3.333
464, 1.667
465, 3.333
466, 2.667
467, 5.000
468, 4.333
469, 3.333
470, 5.667
471, 51.667
472, 21.000
473, 5.667
474, 7.000
475, 5.333
476, 14.333
477, 43.333
478, 68.000
479, 8.333
480, 6.667
481, 29.000
482, 51.333
483, 21.000
484, 25.000
485, 69.667
486, 26.000
487, 8.667
488, 4.333
489, 4.000
490, 4.000
491, 3.667
492, 3.000
493, 2.333
494, 2.333
495, 1.667
496, 5.000
497, 21.000
498, 46.667
499, 20.000
500, 45.667
501, 5.000
502, 4.000
503, 1.667
504, 1.667
505, 3.667
506, 2.667
507, 1.667
508, 2.000
509, 1.000
510, 1.000
511, 1.000
512, 3.333
513, 0.333
514, 0.333
515, 3.667
516, 4.333
517, 12.667
518, 32.000
519, 43.667
520, 46.667
521, 25.333
522, 20.667
523, 5.333
524, 1.000
525, 6.333
526, 6.000
527, 3.000
528, 0.333
529, 3.333
530, 5.333
531, 36.000
532, 13.333
533, 10.667
534, 18.667
535, 24.000
