X, Y
0, 223.667
1, 161.600
2, 87.267
3, 1.933
4, 0.533
5, 2.067
6, 1.667
7, 1.933
8, 1.000
9, 1.000
10, 1.000
11, 1.000
12, 1.000
13, 1.000
14, 1.000
15, 1.000
16, 1.000
17, 1.000
18, 1.000
19, 1.000
20, 1.000
21, 1.000
22, 1.000
23, 1.000
24, 1.000
25, 1.000
26, 1.000
27, 1.000
28, 1.000
29, 1.000
30, 1.000
31, 1.000
32, 1.000
33, 1.000
34, 1.000
35, 1.000
36, 1.000
37, 1.000
38, 1.000
39, 1.000
40, 1.000
41, 1.000
42, 1.000
43, 1.000
44, 1.000
45, 1.000
46, 1.000
47, 12.333
48, 59.333
49, 65.667
50, 20.000
51, 5.000
52, 3.333
53, 3.667
54, 2.333
55, 0.000
56, 2.333
57, 2.000
58, 4.333
59, 4.667
60, 2.333
61, 1.000
62, 3.667
63, 3.000
64, 2.333
65, 13.000
66, 44.667
67, 66.667
68, 57.667
69, 30.000
70, 7.667
71, 1.667
72, 1.000
73, 12.333
74, 29.333
75, 47.333
76, 62.000
77, 44.667
78, 13.667
79, 3.667
80, 1.000
81, 1.000
82, 1.000
83, 1.000
84, 1.667
85, 1.667
86, 1.667
87, 1.667
88, 1.333
89, 1.333
90, 2.333
91, 3.333
92, 3.333
93, 2.333
94, 2.333
95, 1.333
96, 2.000
97, 1.667
98, 1.667
99, 1.667
100, 2.000
101, 2.667
102, 3.667
103, 5.000
104, 6.667
105, 25.667
106, 25.667
107, 9.333
108, 4.667
109, 3.000
110, 0.667
111, 0.333
112, 2.333
113, 2.333
114, 3.000
115, 3.333
116, 3.000
117, 3.333
118, 5.000
119, 5.667
120, 4.333
121, 7.667
122, 16.333
123, 79.000
124, 125.667
125, 67.333
126, 12.000
127, 1.667
128, 4.667
129, 2.333
130, 27.667
131, 7.667
132, 5.333
133, 1.667
134, 5.000
135, 1.333
136, 1.667
137, 1.667
138, 1.667
139, 1.667
140, 1.667
141, 1.667
142, 1.667
143, 1.667
144, 4.000
145, 1.667
146, 2.000
147, 2.000
148, 3.000
149, 4.667
150, 36.333
151, 161.667
152, 164.667
153, 40.333
154, 8.333
155, 14.333
156, 97.333
157, 18.000
158, 6.667
159, 7.000
160, 1.667
161, 1.000
162, 1.000
163, 1.000
164, 1.000
165, 1.000
166, 1.000
167, 1.000
168, 1.000
169, 1.000
170, 1.000
171, 1.000
172, 1.000
173, 1.000
174, 1.000
175, 1.000
176, 1.000
177, 1.000
178, 1.000
179, 1.000
180, 1.000
181, 1.000
182, 1.000
183, 1.000
184, 1.000
185, 1.000
186, 1.000
187, 1.000
188, 1.000
189, 1.000
190, 1.000
191, 1.000
192, 2.667
193, 4.333
194, 3.333
195, 2.333
196, 3.000
197, 6.667
198, 70.000
199, 88.000
200, 6.333
201, 3.667
202, 1.667
203, 1.333
204, 6.333
205, 7.333
206, 4.000
207, 2.333
208, 2.333
209, 1.333
210, 4.333
211, 5.000
212, 5.667
213, 4.667
214, 3.000
215, 2.667
216, 6.000
217, 2.667
218, 5.000
219, 2.000
220, 4.333
221, 7.333
222, 83.333
223, 18.000
224, 2.667
225, 0.333
226, 4.000
227, 3.667
228, 2.000
229, 10.667
230, 20.667
231, 142.667
232, 142.667
233, 20.000
234, 3.333
235, 0.333
236, 1.667
237, 3.000
238, 1.333
239, 2.333
240, 2.000
241, 1.667
242, 2.000
243, 1.333
244, 1.667
245, 1.667
246, 1.667
247, 2.000
248, 1.667
249, 1.333
250, 2.333
251, 0.667
252, 4.000
253, 2.333
254, 5.000
255, 46.000
256, 55.000
257, 103.333
258, 6.000
259, 5.000
260, 3.667
261, 2.000
262, 3.000
263, 1.000
264, 4.333
265, 4.333
266, 3.000
267, 2.000
268, 5.000
269, 3.333
270, 0.667
271, 1.000
272, 0.667
273, 1.000
274, 1.000
275, 1.000
276, 1.000
277, 1.000
278, 1.000
279, 1.000
280, 1.000
281, 1.000
282, 1.000
283, 1.000
284, 1.000
285, 1.000
286, 1.000
287, 1.000
288, 1.000
289, 1.000
290, 1.000
291, 1.000
292, 1.000
293, 1.000
294, 1.000
295, 1.000
296, 1.000
297, 1.000
298, 1.000
299, 1.000
300, 1.000
301, 1.000
302, 1.000
303, 1.000
304, 1.000
305, 1.000
306, 1.000
307, 1.000
308, 1.000
309, 1.000
310, 1.000
311, 1.000
312, 1.000
313, 1.000
314, 1.000
315, 1.000
316, 1.000
317, 1.000
318, 1.000
319, 1.000
320, 1.000
321, 1.000
322, 1.000
323, 1.000
324, 1.000
325, 1.000
326, 1.000
327, 1.000
328, 1.000
329, 1.000
330, 1.000
331, 1.000
332, 1.000
333, 1.000
334, 1.000
335, 1.000
336, 1.000
337, 1.000
338, 1.000
339, 1.000
340, 1.000
341, 1.000
342, 1.000
343, 1.000
344, 1.000
345, 1.000
346, 1.000
347, 1.000
348, 1.000
349, 1.000
350, 1.000
351, 1.000
352, 1.000
353, 1.000
354, 1.000
355, 1.000
356, 1.000
357, 1.000
358, 1.000
359, 1.000
360, 1.000
361, 1.000
362, 1.000
363, 1.000
364, 1.000
365, 1.000
366, 1.000
367, 1.000
368, 1.000
369, 1.000
370, 1.000
371, 1.000
372, 1.000
373, 1.000
374, 1.000
375, 1.000
376, 1.000
377, 1.000
378, 1.000
379, 1.000
380, 1.000
381, 1.000
382, 1.000
383, 1.000
384, 1.000
385, 1.000
386, 1.000
387, 1.000
388, 1.000
389, 1.000
390, 1.000
391, 1.000
392, 1.000
393, 1.000
394, 1.000
395, 1.000
396, 1.000
397, 1.000
398, 1.000
399, 1.333
400, 3.667
401, 2.333
402, 1.667
403, 6.333
404, 60.000
405, 13.333
406, 5.333
407, 3.333
408, 1.333
409, 4.000
410, 0.333
411, 3.667
412, 15.667
413, 65.333
414, 15.333
415, 1.333
416, 1.000
417, 1.000
418, 1.000
419, 1.000
420, 1.000
421, 1.000
422, 1.000
423, 1.000
424, 1.000
425, 1.000
426, 1.000
427, 1.000
428, 1.000
429, 1.000
430, 1.000
431, 1.000
432, 1.000
433, 1.000
434, 1.000
435, 1.000
436, 1.000
437, 1.000
438, 1.000
439, 1.000
440, 1.000
441, 1.000
442, 1.000
443, 1.000
444, 1.000
445, 1.000
446, 1.000
447, 5.333
448, 24.333
449, 47.333
450, 4.667
451, 4.333
452, 3.667
453, 4.000
454, 3.000
455, 2.667
456, 3.000
457, 2.667
458, 3.333
459, 2.000
460, 3.000
461, 8.667
462, 54.333
463, 39.667
464, 45.000
465, 59.333
466, 7.333
467, 2.000
468, 2.000
469, 4.000
470, 5.000
471, 3.333
472, 3.333
473, 2.000
474, 3.333
475, 3.000
476, 1.333
477, 1.000
478, 2.000
479, 2.000
480, 1.667
481, 1.000
482, 1.000
483, 1.000
484, 1.000
485, 1.000
486, 1.000
487, 1.000
488, 1.000
489, 1.000
490, 1.000
491, 1.000
492, 1.000
493, 1.000
494, 1.000
495, 1.000
496, 1.000
497, 1.000
498, 1.667
499, 3.333
500, 5.000
501, 5.000
502, 4.333
503, 5.000
504, 19.667
505, 32.333
506, 11.000
507, 3.333
508, 4.000
509, 0.333
510, 3.000
511, 0.000
512, 1.000
513, 1.000
514, 1.000
515, 1.000
516, 1.000
517, 1.000
518, 1.000
519, 1.000
520, 1.000
521, 1.000
522, 1.000
523, 1.000
524, 1.000
525, 1.000
526, 1.000
527, 1.000
528, 1.000
529, 1.000
530, 1.000
531, 1.000
532, 1.000
533, 1.000
534, 1.000
535, 1.000
