X, Y
0, 224.095
1, 160.500
2, 87.286
3, 4.881
4, 4.167
5, 3.857
6, 1.881
7, 1.762
8, 1.000
9, 4.000
10, 3.333
11, 23.667
12, 94.000
13, 125.333
14, 129.000
15, 126.000
16, 114.000
17, 56.000
18, 18.000
19, 1.333
20, 0.333
21, 6.000
22, 1.667
23, 3.333
24, 3.000
25, 2.667
26, 5.333
27, 5.333
28, 4.000
29, 3.000
30, 5.333
31, 16.667
32, 81.000
33, 58.667
34, 19.667
35, 3.333
36, 3.333
37, 3.000
38, 2.333
39, 2.000
40, 1.333
41, 1.333
42, 4.000
43, 4.333
44, 2.667
45, 1.667
46, 2.667
47, 3.333
48, 5.667
49, 30.000
50, 91.000
51, 82.000
52, 24.333
53, 4.667
54, 2.333
55, 1.667
56, 2.333
57, 4.000
58, 2.333
59, 17.667
60, 57.667
61, 76.000
62, 48.667
63, 15.667
64, 5.000
65, 1.000
66, 1.000
67, 1.000
68, 1.000
69, 1.000
70, 1.000
71, 1.000
72, 1.000
73, 1.000
74, 1.000
75, 1.000
76, 1.000
77, 1.000
78, 1.000
79, 1.000
80, 1.000
81, 1.000
82, 1.000
83, 1.000
84, 1.000
85, 1.000
86, 1.000
87, 1.000
88, 1.000
89, 1.000
90, 1.000
91, 1.000
92, 1.000
93, 1.000
94, 1.000
95, 1.000
96, 1.000
97, 1.000
98, 1.000
99, 1.000
100, 1.000
101, 1.000
102, 1.000
103, 1.000
104, 1.000
105, 1.000
106, 1.000
107, 1.000
108, 1.000
109, 1.000
110, 1.000
111, 1.667
112, 1.667
113, 2.333
114, 4.333
115, 0.667
116, 4.000
117, 12.000
118, 81.333
119, 124.667
120, 120.667
121, 60.667
122, 138.000
123, 126.000
124, 20.667
125, 0.667
126, 5.000
127, 3.000
128, 6.333
129, 5.333
130, 5.000
131, 5.000
132, 5.000
133, 3.000
134, 1.333
135, 1.000
136, 0.667
137, 5.333
138, 6.000
139, 8.333
140, 25.667
141, 135.667
142, 147.000
143, 48.000
144, 6.667
145, 1.000
146, 1.000
147, 1.000
148, 1.000
149, 1.000
150, 1.000
151, 1.000
152, 1.000
153, 1.000
154, 1.000
155, 1.000
156, 1.000
157, 1.000
158, 1.000
159, 1.000
160, 2.000
161, 2.000
162, 1.667
163, 2.000
164, 1.667
165, 2.000
166, 3.000
167, 4.000
168, 5.333
169, 15.000
170, 143.000
171, 156.333
172, 41.333
173, 29.333
174, 5.667
175, 1.667
176, 3.000
177, 2.667
178, 1.333
179, 1.333
180, 2.000
181, 2.667
182, 3.333
183, 3.000
184, 4.000
185, 4.667
186, 10.000
187, 3.000
188, 1.333
189, 3.667
190, 12.667
191, 92.000
192, 128.667
193, 53.333
194, 5.333
195, 7.000
196, 3.000
197, 0.333
198, 4.000
199, 3.333
200, 1.000
201, 2.667
202, 3.000
203, 3.000
204, 6.333
205, 7.667
206, 93.000
207, 94.667
208, 94.667
209, 94.000
210, 87.000
211, 86.333
212, 8.333
213, 1.333
214, 2.333
215, 1.667
216, 3.333
217, 2.000
218, 1.667
219, 1.333
220, 3.333
221, 3.333
222, 2.333
223, 1.333
224, 1.000
225, 1.000
226, 1.000
227, 1.000
228, 1.000
229, 1.000
230, 1.000
231, 1.000
232, 1.000
233, 1.000
234, 1.000
235, 1.000
236, 1.000
237, 1.000
238, 1.000
239, 1.000
240, 2.000
241, 1.667
242, 1.333
243, 2.000
244, 3.667
245, 4.667
246, 4.000
247, 2.667
248, 1.333
249, 6.000
250, 34.333
251, 152.667
252, 127.333
253, 12.667
254, 3.000
255, 4.000
256, 2.000
257, 1.000
258, 1.000
259, 1.000
260, 1.000
261, 1.000
262, 1.000
263, 1.000
264, 1.000
265, 1.000
266, 1.000
267, 1.000
268, 1.000
269, 1.000
270, 1.000
271, 1.000
272, 1.000
273, 1.000
274, 1.000
275, 1.000
276, 1.000
277, 1.000
278, 1.000
279, 1.000
280, 1.000
281, 1.000
282, 1.000
283, 1.000
284, 1.000
285, 1.000
286, 1.000
287, 0.667
288, 1.000
289, 1.000
290, 1.000
291, 1.000
292, 1.000
293, 0.667
294, 1.667
295, 2.667
296, 3.333
297, 2.333
298, 32.333
299, 179.667
300, 173.000
301, 56.000
302, 175.667
303, 132.333
304, 3.333
305, 0.667
306, 8.333
307, 119.667
308, 192.667
309, 77.333
310, 2.000
311, 2.667
312, 2.000
313, 2.000
314, 2.667
315, 3.000
316, 5.000
317, 4.333
318, 3.000
319, 2.000
320, 3.000
321, 2.333
322, 3.000
323, 5.000
324, 2.333
325, 4.000
326, 97.000
327, 181.333
328, 172.000
329, 178.000
330, 137.333
331, 12.000
332, 170.667
333, 89.667
334, 4.667
335, 0.333
336, 4.667
337, 3.000
338, 3.667
339, 1.667
340, 2.000
341, 3.667
342, 55.000
343, 185.333
344, 159.000
345, 12.000
346, 2.667
347, 5.000
348, 2.333
349, 1.333
350, 5.000
351, 2.667
352, 1.667
353, 0.667
354, 2.333
355, 2.000
356, 2.333
357, 2.667
358, 4.333
359, 4.333
360, 5.333
361, 5.000
362, 72.000
363, 155.667
364, 141.000
365, 146.667
366, 151.333
367, 68.000
368, 4.333
369, 1.000
370, 1.000
371, 1.000
372, 1.000
373, 1.000
374, 1.000
375, 1.000
376, 1.000
377, 1.000
378, 1.000
379, 1.000
380, 1.000
381, 1.000
382, 1.000
383, 1.000
384, 1.000
385, 1.000
386, 1.000
387, 1.000
388, 1.000
389, 1.000
390, 1.000
391, 1.000
392, 1.000
393, 1.000
394, 1.000
395, 1.000
396, 1.000
397, 1.000
398, 1.000
399, 1.000
400, 1.000
401, 1.000
402, 1.000
403, 1.000
404, 1.000
405, 1.000
406, 1.000
407, 1.000
408, 1.000
409, 1.000
410, 1.000
411, 1.000
412, 1.000
413, 1.000
414, 1.000
415, 1.000
416, 1.000
417, 1.000
418, 1.000
419, 1.000
420, 1.000
421, 1.000
422, 1.000
423, 1.000
424, 1.000
425, 1.000
426, 1.000
427, 1.000
428, 1.000
429, 1.000
430, 1.000
431, 1.000
432, 1.000
433, 1.000
434, 1.000
435, 1.000
436, 1.000
437, 1.000
438, 1.000
439, 1.000
440, 1.000
441, 1.000
442, 1.000
443, 1.000
444, 1.000
445, 1.000
446, 1.000
447, 1.000
448, 1.000
449, 1.000
450, 1.000
451, 1.000
452, 1.000
453, 1.000
454, 1.000
455, 1.000
456, 1.000
457, 1.000
458, 1.000
459, 1.000
460, 1.000
461, 1.000
462, 1.000
463, 1.000
464, 5.333
465, 11.000
466, 49.667
467, 79.667
468, 72.333
469, 71.000
470, 53.000
471, 15.000
472, 4.000
473, 2.333
474, 3.000
475, 1.667
476, 1.333
477, 1.000
478, 1.333
479, 1.667
480, 1.667
481, 1.000
482, 1.000
483, 1.000
484, 1.000
485, 1.000
486, 1.000
487, 1.000
488, 1.000
489, 1.000
490, 1.000
491, 1.000
492, 1.000
493, 1.000
494, 1.000
495, 1.667
496, 6.333
497, 16.667
498, 61.000
499, 31.000
500, 6.000
501, 3.667
502, 4.667
503, 16.000
504, 61.000
505, 62.000
506, 16.333
507, 3.000
508, 3.000
509, 4.000
510, 1.667
511, 1.667
512, 1.333
513, 1.000
514, 1.000
515, 1.000
516, 1.000
517, 1.000
518, 1.000
519, 1.000
520, 1.000
521, 1.000
522, 1.000
523, 1.000
524, 1.000
525, 1.000
526, 1.000
527, 1.000
528, 1.000
529, 1.000
530, 1.000
531, 1.000
532, 1.000
533, 1.000
534, 1.667
535, 1.667
536, 2.667
