X, Y
0, 90.028
1, 3.333
2, 8.500
3, 13.889
4, 22.417
5, 60.944
6, 13.111
7, 4.944
8, 1.000
9, 1.000
10, 0.667
11, 2.667
12, 3.333
13, 2.167
14, 1.167
15, 2.333
16, 0.667
17, 4.000
18, 1.667
19, 6.000
20, 7.000
21, 8.667
22, 40.333
23, 15.000
24, 8.333
25, 7.000
26, 8.667
27, 10.000
28, 4.000
29, 1.000
30, 1.667
31, 1.000
32, 1.000
33, 1.000
34, 1.000
35, 1.000
36, 1.000
37, 1.000
38, 1.000
39, 1.000
40, 1.000
41, 1.000
42, 1.000
43, 1.000
44, 1.000
45, 1.000
46, 1.000
47, 1.000
48, 1.000
49, 1.000
50, 1.000
51, 1.000
52, 1.000
53, 1.000
54, 1.000
55, 1.000
56, 1.000
57, 1.000
58, 1.000
59, 1.000
60, 1.000
61, 1.000
62, 1.000
63, 2.000
64, 2.000
65, 2.000
66, 1.333
67, 0.667
68, 3.000
69, 12.667
70, 18.667
71, 17.000
72, 8.667
73, 3.000
74, 2.333
75, 4.667
76, 2.333
77, 2.333
78, 3.333
79, 6.000
80, 4.667
81, 2.000
82, 8.667
83, 18.333
84, 38.333
85, 74.000
86, 54.333
87, 20.333
88, 8.333
89, 3.000
90, 3.000
91, 5.000
92, 5.000
93, 2.333
94, 0.333
95, 0.667
96, 1.000
97, 1.000
98, 1.000
99, 1.000
100, 1.000
101, 1.000
102, 1.000
103, 1.000
104, 1.000
105, 1.000
106, 1.000
107, 1.000
108, 1.000
109, 1.000
110, 1.000
111, 1.667
112, 1.000
113, 1.667
114, 1.000
115, 1.333
116, 1.000
117, 0.667
118, 1.667
119, 3.000
120, 2.667
121, 3.667
122, 7.333
123, 13.667
124, 89.333
125, 12.000
126, 7.000
127, 10.667
128, 19.000
129, 90.667
130, 10.333
131, 1.000
132, 5.667
133, 8.667
134, 5.000
135, 3.667
136, 3.333
137, 2.333
138, 2.333
139, 2.333
140, 3.000
141, 1.333
142, 1.333
143, 1.000
144, 1.000
145, 1.000
146, 1.000
147, 1.000
148, 1.000
149, 1.000
150, 1.000
151, 1.000
152, 1.000
153, 1.000
154, 1.000
155, 1.000
156, 1.000
157, 1.000
158, 1.000
159, 3.667
160, 1.000
161, 3.667
162, 3.333
163, 7.333
164, 2.667
165, 8.667
166, 56.667
167, 63.667
168, 9.333
169, 2.667
170, 4.000
171, 8.000
172, 3.667
173, 3.667
174, 2.667
175, 4.000
176, 3.667
177, 3.333
178, 2.000
179, 1.333
180, 2.333
181, 3.000
182, 5.667
183, 48.000
184, 153.667
185, 20.333
186, 5.333
187, 3.667
188, 8.333
189, 75.667
190, 3.000
191, 1.000
192, 1.000
193, 1.000
194, 1.000
195, 1.000
196, 1.000
197, 1.000
198, 1.000
199, 1.000
200, 1.000
201, 1.000
202, 1.000
203, 1.000
204, 1.000
205, 1.000
206, 1.000
207, 1.000
208, 1.000
209, 1.000
210, 1.000
211, 1.000
212, 1.000
213, 1.000
214, 1.000
215, 1.000
216, 1.000
217, 1.000
218, 1.000
219, 1.000
220, 1.000
221, 1.000
222, 1.000
223, 1.000
224, 1.000
225, 1.000
226, 1.000
227, 1.000
228, 1.000
229, 1.000
230, 1.000
231, 1.000
232, 1.000
233, 1.000
234, 1.000
235, 1.000
236, 1.000
237, 1.000
238, 1.000
239, 1.000
240, 1.000
241, 1.000
242, 1.000
243, 1.000
244, 1.000
245, 1.000
246, 1.000
247, 1.000
248, 1.000
249, 1.000
250, 1.000
251, 1.000
252, 1.000
253, 1.000
254, 0.667
255, 39.333
256, 3.333
257, 0.333
258, 0.333
259, 1.000
260, 4.667
261, 2.333
262, 4.667
263, 3.000
264, 3.000
265, 1.667
266, 1.000
267, 1.000
268, 0.667
269, 1.000
270, 1.000
271, 1.000
272, 1.000
273, 1.000
274, 1.000
275, 1.000
276, 1.000
277, 1.000
278, 1.000
279, 1.000
280, 1.000
281, 1.000
282, 1.000
283, 1.000
284, 1.000
285, 1.000
286, 1.000
287, 1.000
288, 1.000
289, 1.000
290, 1.000
291, 1.000
292, 1.000
293, 1.000
294, 1.000
295, 1.000
296, 1.000
297, 1.000
298, 1.000
299, 1.000
300, 1.000
301, 1.000
302, 1.000
303, 1.000
304, 1.000
305, 1.000
306, 1.000
307, 1.000
308, 1.000
309, 1.000
310, 1.000
311, 1.000
312, 1.000
313, 1.000
314, 1.000
315, 1.000
316, 1.000
317, 1.000
318, 1.000
319, 1.000
320, 1.000
321, 1.000
322, 1.000
323, 1.000
324, 1.000
325, 1.000
326, 1.000
327, 1.000
328, 1.000
329, 1.000
330, 1.000
331, 1.000
332, 1.000
333, 1.000
334, 1.000
335, 0.667
336, 5.667
337, 27.000
338, 177.333
339, 183.000
340, 9.333
341, 5.333
342, 2.000
343, 1.667
344, 1.000
345, 1.000
346, 1.000
347, 2.667
348, 2.333
349, 1.667
350, 1.000
351, 1.000
352, 1.000
353, 1.000
354, 1.000
355, 1.000
356, 1.000
357, 1.000
358, 1.000
359, 1.000
360, 1.000
361, 1.000
362, 1.000
363, 1.000
364, 1.000
365, 1.000
366, 1.000
367, 1.000
368, 1.000
369, 1.000
370, 1.000
371, 1.000
372, 1.000
373, 1.000
374, 1.000
375, 1.000
376, 1.000
377, 1.000
378, 1.000
379, 1.000
380, 1.000
381, 1.000
382, 1.000
383, 1.000
384, 1.000
385, 1.000
386, 1.000
387, 1.000
388, 1.000
389, 1.000
390, 1.000
391, 1.000
392, 1.000
393, 1.000
394, 1.000
395, 1.000
396, 1.000
397, 1.000
398, 1.000
399, 1.000
400, 1.000
401, 1.000
402, 1.000
403, 1.000
404, 1.000
405, 1.000
406, 1.000
407, 1.000
408, 1.000
409, 1.000
410, 1.000
411, 1.000
412, 1.000
413, 1.000
414, 1.000
415, 1.000
416, 1.000
417, 1.000
418, 1.000
419, 1.000
420, 1.000
421, 1.000
422, 1.000
423, 1.000
424, 1.000
425, 1.000
426, 1.000
427, 1.000
428, 1.000
429, 1.000
430, 1.000
431, 1.000
432, 1.000
433, 1.000
434, 1.000
435, 1.000
436, 1.000
437, 1.000
438, 1.000
439, 1.000
440, 1.000
441, 1.000
442, 1.000
443, 1.000
444, 1.000
445, 1.000
446, 1.000
447, 1.000
448, 1.000
449, 1.000
450, 1.000
451, 1.667
452, 1.667
453, 1.000
454, 1.000
455, 0.333
456, 2.333
457, 0.333
458, 0.000
459, 4.667
460, 2.333
461, 5.333
462, 22.333
463, 9.333
464, 5.667
465, 3.000
466, 1.667
467, 3.667
468, 4.333
469, 3.667
470, 3.000
471, 3.000
472, 3.333
473, 3.000
474, 2.667
475, 2.000
476, 1.333
477, 1.667
478, 1.667
479, 2.667
480, 1.333
481, 3.667
482, 6.333
483, 22.000
484, 70.667
485, 28.000
486, 9.000
487, 2.667
488, 0.667
489, 3.000
490, 3.667
491, 3.000
492, 2.333
493, 1.000
494, 1.000
495, 1.000
496, 1.000
497, 1.000
498, 1.000
499, 1.000
500, 1.000
501, 1.000
502, 1.000
503, 1.000
504, 1.000
505, 1.000
506, 1.000
507, 1.000
508, 1.000
509, 1.000
510, 1.000
511, 0.000
512, 0.000
513, 0.000
514, 0.000
515, 1.000
516, 1.000
517, 2.000
518, 2.000
519, 2.000
520, 1.000
521, 0.000
522, 0.000
523, 0.000
524, 0.000
525, 1.000
526, 2.000
527, 1.000
528, 1.000
529, 1.000
530, 1.000
531, 1.000
532, 1.000
533, 1.000
534, 1.000
