X, Y
0, 20.333
1, 14.000
2, 19.833
3, 8.000
4, 3.917
5, 5.417
6, 11.667
7, 40.000
8, 95.667
9, 51.667
10, 9.333
11, 3.667
12, 2.000
13, 2.000
14, 0.667
15, 4.667
16, 12.000
17, 22.000
18, 10.000
19, 9.333
20, 12.333
21, 22.333
22, 7.000
23, 5.000
24, 26.333
25, 22.000
26, 14.000
27, 21.667
28, 12.000
29, 5.000
30, 4.667
31, 2.000
32, 3.667
33, 2.667
34, 30.667
35, 13.667
36, 5.333
37, 3.000
38, 4.000
39, 9.333
40, 4.000
41, 21.333
42, 34.000
43, 14.000
44, 3.000
45, 1.667
46, 2.667
47, 3.333
48, 16.000
49, 20.000
50, 7.667
51, 3.333
52, 4.000
53, 0.333
54, 0.000
55, 4.667
56, 17.333
57, 26.333
58, 19.000
59, 7.333
60, 1.667
61, 3.333
62, 4.333
63, 7.667
64, 10.000
65, 7.333
66, 3.000
67, 0.667
68, 0.333
69, 2.000
70, 3.000
71, 6.667
72, 10.667
73, 9.000
74, 5.000
75, 1.333
76, 0.667
77, 2.000
78, 3.667
79, 4.333
80, 3.000
81, 2.333
82, 2.333
83, 3.000
84, 5.000
85, 6.667
86, 9.000
87, 20.667
88, 4.333
89, 0.333
90, 2.333
91, 0.667
92, 6.667
93, 6.333
94, 15.333
95, 10.000
96, 4.000
97, 1.667
98, 0.000
99, 1.000
100, 2.000
101, 1.667
102, 3.000
103, 2.333
104, 1.667
105, 1.000
106, 0.667
107, 1.000
108, 1.667
109, 2.333
110, 7.000
111, 17.667
112, 13.333
113, 20.000
114, 21.000
115, 2.667
116, 0.000
117, 2.333
118, 2.333
119, 10.667
120, 55.333
121, 15.333
122, 16.000
123, 26.333
124, 5.000
125, 2.667
126, 1.333
127, 2.667
128, 2.667
129, 2.667
130, 2.000
131, 2.000
132, 1.333
133, 1.667
134, 1.333
135, 4.333
136, 3.667
137, 4.667
138, 15.333
139, 45.333
140, 23.667
141, 51.667
142, 29.667
143, 4.000
144, 6.000
145, 1.667
146, 4.000
147, 21.667
148, 64.667
149, 27.000
150, 71.000
151, 29.667
152, 6.333
153, 4.667
154, 18.333
155, 60.667
156, 4.333
157, 5.667
158, 11.000
159, 50.333
160, 63.667
161, 47.000
162, 33.000
163, 71.333
164, 5.333
165, 2.000
166, 1.000
167, 1.667
168, 2.333
169, 4.000
170, 4.333
171, 4.333
172, 3.333
173, 4.000
174, 2.000
175, 4.333
176, 61.333
177, 69.667
178, 45.667
179, 67.333
180, 32.000
181, 47.000
182, 3.667
183, 1.333
184, 2.333
185, 1.667
186, 4.667
187, 3.667
188, 62.000
189, 9.333
190, 1.333
191, 3.333
192, 0.667
193, 1.000
194, 6.000
195, 3.000
196, 5.667
197, 21.333
198, 20.333
199, 4.000
200, 0.667
201, 2.000
202, 14.333
203, 43.333
204, 7.000
205, 26.333
206, 40.667
207, 9.000
208, 29.667
209, 28.667
210, 2.333
211, 4.000
212, 6.000
213, 4.333
214, 1.000
215, 1.000
216, 1.000
217, 1.000
218, 1.000
219, 1.000
220, 1.667
221, 2.333
222, 1.667
223, 1.000
224, 1.000
225, 1.000
226, 1.000
227, 1.000
228, 1.000
229, 1.000
230, 2.000
231, 2.000
232, 2.000
233, 2.000
234, 2.000
235, 2.000
236, 2.000
237, 2.000
238, 1.333
239, 1.000
240, 6.000
241, 0.000
242, 2.333
243, 5.000
244, 4.333
245, 29.667
246, 9.000
247, 39.667
248, 43.333
249, 6.667
250, 8.667
251, 91.000
252, 7.000
253, 3.000
254, 11.000
255, 114.000
256, 2.333
257, 3.000
258, 5.667
259, 8.667
260, 0.333
261, 3.667
262, 1.000
263, 1.333
264, 1.667
265, 1.333
266, 0.667
267, 1.000
268, 1.667
269, 2.000
270, 1.333
271, 1.667
272, 2.000
273, 1.333
274, 2.667
275, 21.333
276, 23.333
277, 2.667
278, 1.000
279, 0.667
280, 1.000
281, 1.333
282, 1.667
283, 1.667
284, 1.000
285, 1.000
286, 1.000
287, 1.000
288, 1.000
289, 1.000
290, 1.000
291, 1.000
292, 1.000
293, 1.000
294, 1.000
295, 1.000
296, 1.000
297, 1.000
298, 1.000
299, 1.000
300, 1.000
301, 1.667
302, 1.667
303, 5.333
304, 0.667
305, 0.667
306, 1.000
307, 1.667
308, 50.000
309, 3.000
310, 1.000
311, 1.000
312, 1.667
313, 2.000
314, 1.667
315, 1.667
316, 1.000
317, 0.667
318, 0.667
319, 0.667
320, 1.000
321, 1.667
322, 1.667
323, 1.000
324, 0.667
325, 0.667
326, 1.000
327, 5.000
328, 7.333
329, 4.333
330, 5.333
331, 1.000
332, 36.667
333, 6.333
334, 81.667
335, 56.000
336, 8.000
337, 100.333
338, 40.000
339, 53.667
340, 95.667
341, 4.000
342, 7.667
343, 124.667
344, 29.333
345, 3.333
346, 2.000
347, 4.000
348, 1.333
349, 2.333
350, 1.667
351, 1.000
352, 1.000
353, 1.000
354, 1.000
355, 1.000
356, 1.000
357, 1.000
358, 1.000
359, 1.000
360, 1.000
361, 1.000
362, 1.000
363, 1.000
364, 1.000
365, 1.000
366, 1.000
367, 0.000
368, 1.000
369, 20.000
370, 0.000
371, 5.000
372, 0.000
373, 3.000
374, 1.000
375, 1.000
376, 1.000
377, 1.000
378, 1.000
379, 1.000
380, 1.000
381, 1.000
382, 1.000
383, 1.000
384, 1.667
385, 1.667
386, 2.333
387, 2.333
388, 2.667
389, 2.667
390, 2.333
391, 2.333
392, 3.333
393, 1.667
394, 1.333
395, 1.667
396, 4.000
397, 7.333
398, 52.000
399, 3.333
400, 1.333
401, 4.667
402, 1.333
403, 3.000
404, 1.667
405, 1.667
406, 1.000
407, 1.000
408, 1.667
409, 1.667
410, 2.000
411, 2.000
412, 2.000
413, 2.000
414, 1.333
415, 5.000
416, 1.000
417, 0.333
418, 4.667
419, 1.667
420, 6.000
421, 25.000
422, 6.000
423, 3.333
424, 1.333
425, 1.000
426, 3.000
427, 3.667
428, 3.000
429, 1.000
430, 3.667
431, 4.667
432, 23.667
433, 14.000
434, 2.000
435, 5.667
436, 3.333
437, 2.000
438, 2.333
439, 2.333
440, 2.000
441, 2.000
442, 1.333
443, 1.333
444, 1.000
445, 0.667
446, 0.667
447, 1.000
448, 1.667
449, 1.667
450, 1.000
451, 0.667
452, 0.667
453, 1.000
454, 3.667
455, 17.667
456, 4.333
457, 2.000
458, 3.000
459, 0.667
460, 2.000
461, 0.333
462, 2.000
463, 2.667
464, 2.667
465, 2.667
466, 2.000
467, 2.000
468, 2.000
469, 2.000
470, 1.000
471, 1.000
472, 1.000
473, 1.000
474, 1.000
475, 1.000
476, 1.000
477, 1.000
478, 1.000
479, 1.667
480, 1.667
481, 1.667
482, 1.667
483, 1.667
484, 1.667
485, 1.667
486, 3.667
487, 3.667
488, 3.667
489, 2.667
490, 2.667
491, 1.667
492, 1.667
493, 1.000
494, 1.000
495, 1.000
496, 1.000
497, 1.000
498, 1.000
499, 1.000
500, 1.000
501, 1.000
502, 1.000
503, 1.000
504, 1.000
505, 1.000
506, 1.000
507, 1.000
508, 1.000
509, 1.000
510, 1.000
511, 1.000
512, 1.000
513, 1.000
514, 1.000
515, 1.000
516, 1.000
517, 1.000
518, 1.000
519, 1.000
520, 1.000
521, 1.000
522, 1.000
523, 1.000
524, 1.000
525, 1.000
526, 1.000
527, 1.000
528, 1.000
529, 1.000
530, 1.000
531, 1.000
532, 1.000
533, 1.000
534, 2.000
535, 2.000
536, 2.000
537, 2.000
538, 2.000
539, 2.000
540, 2.000
541, 1.333
542, 5.000
543, 1.667
544, 6.000
545, 15.000
546, 33.000
547, 14.000
548, 2.667
549, 4.667
550, 16.333
551, 40.333
552, 5.000
553, 1.667
554, 1.000
555, 2.333
556, 33.000
557, 9.000
558, 4.000
559, 1.333
