X, Y
0, 1.042
1, 1.750
2, 5.583
3, 5.917
4, 4.917
5, 4.208
6, 1.792
7, 3.083
8, 6.333
9, 19.000
10, 40.333
11, 13.667
12, 9.333
13, 13.000
14, 9.000
15, 2.333
16, 3.333
17, 2.333
18, 1.000
19, 1.000
20, 0.667
21, 1.000
22, 1.000
23, 0.667
24, 2.333
25, 0.333
26, 6.333
27, 7.667
28, 13.333
29, 36.667
30, 45.667
31, 16.333
32, 7.000
33, 3.000
34, 3.000
35, 3.000
36, 3.000
37, 3.000
38, 3.000
39, 3.000
40, 3.000
41, 3.000
42, 3.000
43, 3.000
44, 3.000
45, 3.000
46, 3.000
47, 2.667
48, 1.667
49, 1.667
50, 2.000
51, 2.000
52, 1.667
53, 0.667
54, 0.667
55, 1.000
56, 1.000
57, 0.000
58, 2.333
59, 0.333
60, 2.000
61, 7.333
62, 11.667
63, 35.667
64, 21.333
65, 12.333
66, 8.333
67, 13.000
68, 28.667
69, 34.333
70, 26.333
71, 13.333
72, 2.667
73, 3.333
74, 5.333
75, 15.000
76, 16.667
77, 18.667
78, 28.333
79, 8.667
80, 1.000
81, 3.000
82, 0.667
83, 5.333
84, 6.000
85, 10.667
86, 28.000
87, 14.667
88, 6.333
89, 2.333
90, 0.667
91, 3.667
92, 3.000
93, 1.333
94, 7.000
95, 14.667
96, 14.333
97, 2.333
98, 0.000
99, 2.333
100, 3.667
101, 11.000
102, 30.333
103, 38.667
104, 8.333
105, 4.667
106, 3.667
107, 3.333
108, 5.667
109, 5.333
110, 4.667
111, 4.333
112, 2.333
113, 2.333
114, 1.333
115, 1.333
116, 1.000
117, 1.000
118, 1.000
119, 1.000
120, 0.000
121, 3.000
122, 1.333
123, 3.667
124, 4.000
125, 6.333
126, 38.000
127, 5.667
128, 1.667
129, 4.000
130, 8.000
131, 60.333
132, 11.333
133, 35.000
134, 10.000
135, 2.333
136, 2.667
137, 3.000
138, 3.667
139, 2.667
140, 3.000
141, 1.333
142, 1.000
143, 1.000
144, 1.000
145, 1.000
146, 1.667
147, 1.667
148, 2.333
149, 2.333
150, 2.667
151, 3.333
152, 6.667
153, 51.667
154, 4.000
155, 6.000
156, 6.667
157, 0.667
158, 3.667
159, 2.667
160, 4.667
161, 4.667
162, 1.667
163, 5.333
164, 6.667
165, 77.667
166, 15.667
167, 1.667
168, 2.667
169, 4.000
170, 3.000
171, 3.333
172, 2.000
173, 1.333
174, 0.333
175, 0.333
176, 1.000
177, 1.000
178, 1.000
179, 1.000
180, 1.000
181, 1.000
182, 1.000
183, 1.000
184, 1.000
185, 1.000
186, 1.000
187, 1.000
188, 1.000
189, 1.000
190, 1.000
191, 1.000
192, 1.000
193, 1.000
194, 1.000
195, 1.000
196, 1.000
197, 1.000
198, 1.000
199, 1.000
200, 1.000
201, 1.000
202, 1.000
203, 1.000
204, 1.000
205, 1.000
206, 1.000
207, 0.667
208, 2.000
209, 10.667
210, 84.667
211, 106.000
212, 99.667
213, 114.000
214, 45.333
215, 8.333
216, 4.000
217, 4.667
218, 5.667
219, 5.667
220, 6.333
221, 4.333
222, 3.667
223, 2.333
224, 4.333
225, 1.333
226, 4.000
227, 66.000
228, 2.000
229, 2.000
230, 1.333
231, 1.000
232, 0.667
233, 0.667
234, 0.667
235, 0.667
236, 1.000
237, 1.000
238, 1.000
239, 0.667
240, 2.333
241, 2.000
242, 2.333
243, 1.333
244, 2.000
245, 2.333
246, 4.000
247, 4.000
248, 7.000
249, 1.000
250, 3.667
251, 6.333
252, 70.667
253, 1.667
254, 3.667
255, 0.333
256, 1.000
257, 1.000
258, 1.000
259, 1.000
260, 1.000
261, 1.000
262, 1.000
263, 1.000
264, 2.000
265, 1.000
266, 1.000
267, 0.000
268, 1.000
269, 2.000
270, 4.000
271, 4.333
272, 11.333
273, 1.000
274, 0.333
275, 52.000
276, 4.333
277, 1.333
278, 1.000
279, 3.000
280, 1.000
281, 1.000
282, 1.667
283, 1.667
284, 2.000
285, 2.000
286, 2.000
287, 1.667
288, 1.667
289, 1.000
290, 1.000
291, 1.000
292, 1.000
293, 1.000
294, 1.000
295, 1.000
296, 1.000
297, 1.000
298, 1.000
299, 2.000
300, 2.000
301, 3.000
302, 3.000
303, 3.333
304, 2.333
305, 4.000
306, 1.333
307, 27.333
308, 114.333
309, 2.000
310, 2.667
311, 0.333
312, 2.000
313, 2.333
314, 1.000
315, 1.000
316, 1.333
317, 1.333
318, 3.000
319, 1.000
320, 1.333
321, 48.333
322, 0.667
323, 2.667
324, 5.000
325, 4.000
326, 7.000
327, 1.333
328, 1.667
329, 1.667
330, 4.333
331, 93.333
332, 6.667
333, 1.333
334, 0.333
335, 0.000
336, 1.667
337, 1.667
338, 1.333
339, 1.333
340, 1.333
341, 1.667
342, 1.667
343, 1.667
344, 2.333
345, 57.667
346, 5.333
347, 2.333
348, 6.000
349, 1.000
350, 1.000
351, 3.000
352, 1.000
353, 1.000
354, 1.000
355, 1.000
356, 1.000
357, 1.000
358, 1.000
359, 1.000
360, 1.000
361, 1.000
362, 1.000
363, 1.000
364, 1.000
365, 1.000
366, 1.000
367, 1.000
368, 1.000
369, 1.000
370, 1.000
371, 1.000
372, 1.000
373, 1.000
374, 1.000
375, 1.000
376, 1.000
377, 1.000
378, 1.000
379, 1.000
380, 1.000
381, 1.000
382, 1.000
383, 1.000
384, 1.000
385, 1.000
386, 1.000
387, 1.000
388, 1.000
389, 1.000
390, 1.000
391, 1.000
392, 1.000
393, 1.000
394, 1.000
395, 2.000
396, 2.000
397, 3.000
398, 3.000
399, 2.333
400, 4.333
401, 2.000
402, 4.333
403, 6.667
404, 7.333
405, 19.333
406, 92.667
407, 6.333
408, 5.000
409, 3.000
410, 2.333
411, 2.000
412, 4.000
413, 4.333
414, 3.667
415, 4.667
416, 7.667
417, 35.333
418, 16.333
419, 6.333
420, 5.000
421, 10.667
422, 36.667
423, 18.333
424, 4.333
425, 2.667
426, 2.333
427, 2.667
428, 3.000
429, 3.000
430, 3.667
431, 3.333
432, 1.667
433, 1.000
434, 1.000
435, 1.000
436, 1.000
437, 1.000
438, 1.000
439, 1.000
440, 1.000
441, 1.000
442, 1.000
443, 1.000
444, 1.000
445, 1.000
446, 1.000
447, 1.000
448, 2.000
449, 2.000
450, 3.333
451, 3.000
452, 4.000
453, 3.333
454, 3.333
455, 2.667
456, 3.000
457, 7.000
458, 21.333
459, 23.000
460, 8.333
461, 3.000
462, 4.000
463, 1.000
464, 2.333
465, 2.333
466, 1.333
467, 0.667
468, 1.000
469, 1.667
470, 3.333
471, 3.333
472, 21.000
473, 2.333
474, 5.000
475, 3.000
476, 1.000
477, 1.667
478, 0.333
479, 1.333
480, 1.000
481, 1.000
482, 1.000
483, 1.000
484, 1.000
485, 1.000
486, 1.000
487, 1.000
488, 1.000
489, 1.000
490, 1.000
491, 2.000
492, 2.000
493, 3.000
494, 3.000
495, 3.000
496, 4.000
497, 1.000
498, 3.000
499, 4.000
500, 9.333
501, 24.667
502, 24.667
503, 5.667
504, 3.667
505, 1.333
506, 5.333
507, 18.000
508, 19.333
509, 8.000
510, 2.000
511, 3.000
512, 1.000
513, 1.667
514, 1.667
515, 1.667
516, 1.667
517, 1.667
518, 1.667
519, 1.667
520, 2.667
521, 4.667
522, 5.667
523, 3.667
524, 1.667
525, 1.000
526, 1.000
527, 2.000
528, 1.000
529, 1.000
530, 1.000
531, 1.000
532, 1.000
