X, Y
0, 168.368
1, 121.035
2, 66.754
3, 20.877
4, 9.228
5, 23.860
6, 117.456
7, 134.456
8, 125.667
9, 92.667
10, 56.667
11, 91.088
12, 46.877
13, 16.421
14, 7.386
15, 6.333
16, 22.000
17, 71.667
18, 113.000
19, 121.667
20, 115.667
21, 79.333
22, 19.333
23, 4.000
24, 2.667
25, 2.333
26, 4.000
27, 4.667
28, 2.000
29, 5.000
30, 15.667
31, 49.333
32, 102.667
33, 84.333
34, 19.667
35, 29.333
36, 93.333
37, 91.667
38, 20.667
39, 14.667
40, 53.000
41, 96.667
42, 102.000
43, 97.000
44, 104.333
45, 71.000
46, 16.667
47, 1.333
48, 1.667
49, 4.667
50, 7.000
51, 7.000
52, 3.667
53, 2.333
54, 0.000
55, 0.000
56, 0.333
57, 2.000
58, 1.667
59, 15.333
60, 49.000
61, 75.667
62, 58.000
63, 62.000
64, 15.333
65, 1.667
66, 3.000
67, 16.667
68, 67.000
69, 71.667
70, 34.667
71, 12.000
72, 9.667
73, 1.667
74, 1.000
75, 7.333
76, 15.000
77, 39.000
78, 71.667
79, 70.000
80, 78.000
81, 74.667
82, 41.000
83, 14.667
84, 7.667
85, 5.333
86, 0.333
87, 5.667
88, 1.000
89, 2.333
90, 0.333
91, 13.333
92, 66.000
93, 99.333
94, 63.333
95, 81.000
96, 92.333
97, 49.333
98, 11.333
99, 3.667
100, 1.333
101, 6.667
102, 3.667
103, 7.000
104, 0.333
105, 1.333
106, 3.000
107, 18.667
108, 112.000
109, 120.333
110, 124.000
111, 120.333
112, 122.333
113, 123.000
114, 122.333
115, 128.667
116, 128.000
117, 106.667
118, 15.333
119, 3.000
120, 1.667
121, 1.667
122, 2.000
123, 2.667
124, 4.667
125, 4.000
126, 2.667
127, 1.667
128, 1.667
129, 1.667
130, 1.000
131, 1.000
132, 1.000
133, 1.000
134, 4.000
135, 1.000
136, 1.000
137, 4.000
138, 1.667
139, 0.333
140, 3.333
141, 22.333
142, 148.000
143, 146.333
144, 74.667
145, 153.667
146, 135.667
147, 23.333
148, 8.667
149, 0.667
150, 4.333
151, 11.667
152, 89.667
153, 157.667
154, 99.667
155, 108.667
156, 168.333
157, 162.667
158, 33.333
159, 7.667
160, 33.667
161, 174.333
162, 183.000
163, 47.000
164, 30.000
165, 130.000
166, 116.000
167, 26.333
168, 147.000
169, 160.333
170, 43.333
171, 64.333
172, 157.000
173, 62.333
174, 147.333
175, 133.333
176, 9.333
177, 10.333
178, 138.667
179, 133.667
180, 126.667
181, 125.333
182, 121.667
183, 124.333
184, 118.333
185, 125.667
186, 130.000
187, 34.333
188, 52.667
189, 130.333
190, 92.333
191, 13.000
192, 4.000
193, 1.667
194, 3.000
195, 7.667
196, 4.667
197, 5.667
198, 2.000
199, 1.667
200, 4.000
201, 3.000
202, 2.000
203, 2.333
204, 1.667
205, 2.000
206, 1.000
207, 1.000
208, 1.000
209, 1.000
210, 1.000
211, 1.000
212, 1.000
213, 1.000
214, 1.000
215, 1.000
216, 1.000
217, 1.000
218, 1.000
219, 1.000
220, 1.000
221, 1.000
222, 2.667
223, 2.000
224, 3.333
225, 3.333
226, 3.000
227, 3.000
228, 3.667
229, 3.000
230, 13.333
231, 137.667
232, 132.333
233, 39.667
234, 132.000
235, 36.000
236, 12.333
237, 74.667
238, 122.000
239, 121.000
240, 131.667
241, 12.333
242, 2.333
243, 4.667
244, 4.667
245, 1.667
246, 3.667
247, 2.333
248, 0.667
249, 1.333
250, 3.667
251, 3.667
252, 2.000
253, 1.667
254, 5.667
255, 5.000
256, 3.667
257, 2.000
258, 3.000
259, 2.333
260, 2.000
261, 1.667
262, 1.667
263, 2.000
264, 6.000
265, 5.000
266, 4.667
267, 3.000
268, 7.667
269, 125.000
270, 163.333
271, 51.333
272, 3.667
273, 2.333
274, 2.333
275, 3.667
276, 11.000
277, 171.000
278, 173.333
279, 27.000
280, 3.000
281, 0.000
282, 4.000
283, 2.000
284, 6.000
285, 2.000
286, 2.000
287, 3.000
288, 5.000
289, 4.333
290, 2.667
291, 1.333
292, 3.000
293, 3.000
294, 0.000
295, 1.000
296, 3.000
297, 5.333
298, 3.000
299, 2.667
300, 102.667
301, 165.667
302, 157.333
303, 155.667
304, 154.667
305, 167.667
306, 7.333
307, 6.333
308, 144.000
309, 176.667
310, 45.333
311, 3.000
312, 1.000
313, 2.667
314, 9.333
315, 145.667
316, 179.000
317, 166.000
318, 166.333
319, 178.667
320, 31.333
321, 3.333
322, 2.333
323, 2.000
324, 2.000
325, 2.667
326, 3.667
327, 1.333
328, 6.000
329, 8.333
330, 168.000
331, 178.000
332, 36.000
333, 6.000
334, 119.333
335, 182.667
336, 90.667
337, 3.333
338, 2.667
339, 1.000
340, 4.333
341, 1.333
342, 2.000
343, 7.333
344, 4.333
345, 3.333
346, 2.667
347, 38.667
348, 162.000
349, 152.000
350, 152.333
351, 151.333
352, 145.333
353, 157.667
354, 24.000
355, 0.333
356, 1.333
357, 2.000
358, 1.667
359, 2.333
360, 11.333
361, 119.667
362, 146.667
363, 151.000
364, 11.333
365, 0.333
366, 1.000
367, 1.000
368, 1.000
369, 1.000
370, 1.000
371, 1.000
372, 1.000
373, 1.000
374, 1.000
375, 1.000
376, 1.000
377, 1.000
378, 1.000
379, 1.000
380, 1.000
381, 1.000
382, 1.000
383, 1.667
384, 3.667
385, 3.667
386, 4.000
387, 3.667
388, 2.333
389, 5.000
390, 20.667
391, 137.000
392, 136.333
393, 24.000
394, 5.000
395, 2.000
396, 0.000
397, 1.667
398, 1.000
399, 1.000
400, 1.000
401, 1.000
402, 1.000
403, 1.000
404, 1.000
405, 1.000
406, 1.000
407, 1.000
408, 1.000
409, 1.000
410, 1.000
411, 1.000
412, 1.000
413, 1.667
414, 4.000
415, 4.000
416, 4.333
417, 2.667
418, 2.333
419, 2.000
420, 1.000
421, 2.333
422, 7.333
423, 7.333
424, 4.667
425, 5.667
426, 1.667
427, 6.333
428, 20.667
429, 87.667
430, 99.333
431, 36.333
432, 10.667
433, 10.667
434, 35.667
435, 93.000
436, 90.667
437, 90.000
438, 89.000
439, 88.000
440, 84.000
441, 81.000
442, 36.000
443, 58.333
444, 81.333
445, 82.000
446, 65.667
447, 55.667
448, 84.000
449, 81.333
450, 85.333
451, 84.000
452, 85.333
453, 68.333
454, 14.333
455, 4.667
456, 4.667
457, 6.000
458, 6.333
459, 5.333
460, 2.000
461, 1.667
462, 2.000
463, 4.000
464, 6.333
465, 6.333
466, 5.333
467, 4.667
468, 2.000
469, 7.333
470, 27.333
471, 70.000
472, 73.333
473, 73.333
474, 80.667
475, 74.667
476, 74.000
477, 75.667
478, 74.333
479, 70.000
480, 63.000
481, 18.000
482, 4.667
483, 3.333
484, 3.667
485, 1.667
486, 7.333
487, 10.000
488, 1.667
489, 6.667
490, 36.000
491, 68.000
492, 54.667
493, 19.667
494, 5.000
495, 1.000
496, 1.000
497, 1.000
498, 1.000
499, 1.000
500, 1.000
501, 1.000
502, 1.000
503, 1.000
504, 1.000
505, 1.000
506, 1.000
507, 1.000
508, 1.000
509, 1.000
510, 1.000
511, 1.000
512, 1.000
513, 1.000
514, 1.000
515, 1.000
516, 1.000
517, 1.000
518, 1.000
519, 1.000
520, 1.000
521, 1.000
522, 1.000
523, 1.000
524, 1.000
525, 1.000
526, 1.000
527, 1.000
528, 1.000
529, 1.000
530, 1.000
531, 1.000
532, 1.667
533, 1.667
534, 2.667
