X, Y
0, 87.533
1, 2.133
2, 0.533
3, 1.800
4, 1.133
5, 1.667
6, 1.000
7, 1.000
8, 1.000
9, 1.000
10, 1.000
11, 1.000
12, 1.000
13, 14.667
14, 70.000
15, 101.000
16, 74.000
17, 33.000
18, 8.000
19, 19.333
20, 96.000
21, 116.000
22, 111.000
23, 94.667
24, 16.667
25, 2.000
26, 1.000
27, 3.000
28, 6.000
29, 0.667
30, 1.333
31, 1.667
32, 3.000
33, 3.000
34, 2.333
35, 1.333
36, 1.333
37, 2.333
38, 4.333
39, 9.333
40, 17.333
41, 52.000
42, 99.000
43, 90.667
44, 42.333
45, 15.000
46, 2.667
47, 0.667
48, 1.000
49, 8.667
50, 22.667
51, 28.000
52, 45.667
53, 76.333
54, 74.333
55, 66.333
56, 90.333
57, 91.000
58, 82.667
59, 63.333
60, 64.333
61, 87.000
62, 89.000
63, 78.000
64, 20.333
65, 20.000
66, 70.000
67, 86.667
68, 87.667
69, 88.667
70, 82.333
71, 88.667
72, 81.667
73, 73.000
74, 47.000
75, 27.333
76, 27.667
77, 19.333
78, 9.333
79, 13.667
80, 63.333
81, 83.000
82, 93.000
83, 93.000
84, 63.000
85, 70.000
86, 100.333
87, 99.333
88, 98.000
89, 100.000
90, 98.333
91, 96.667
92, 99.667
93, 105.667
94, 103.333
95, 109.000
96, 104.667
97, 105.333
98, 67.333
99, 84.000
100, 100.000
101, 69.333
102, 13.333
103, 6.667
104, 2.667
105, 6.000
106, 22.667
107, 74.000
108, 68.667
109, 15.667
110, 4.667
111, 1.000
112, 1.000
113, 1.000
114, 1.000
115, 1.000
116, 1.000
117, 1.000
118, 1.000
119, 1.000
120, 1.000
121, 1.000
122, 1.000
123, 1.000
124, 1.000
125, 1.000
126, 1.333
127, 2.333
128, 0.000
129, 10.000
130, 67.333
131, 133.000
132, 142.000
133, 140.333
134, 141.667
135, 77.667
136, 13.667
137, 9.000
138, 29.333
139, 128.667
140, 74.333
141, 20.667
142, 72.333
143, 149.000
144, 11.000
145, 4.667
146, 11.000
147, 66.667
148, 38.667
149, 9.000
150, 28.333
151, 115.333
152, 10.333
153, 1.000
154, 8.667
155, 7.667
156, 1.333
157, 2.333
158, 1.000
159, 1.000
160, 1.000
161, 1.000
162, 1.000
163, 1.000
164, 1.000
165, 1.000
166, 1.000
167, 1.000
168, 1.000
169, 1.000
170, 1.000
171, 1.000
172, 1.000
173, 1.000
174, 1.000
175, 1.000
176, 1.000
177, 1.000
178, 1.000
179, 1.000
180, 1.000
181, 1.000
182, 1.000
183, 1.000
184, 1.000
185, 1.000
186, 1.000
187, 1.000
188, 1.000
189, 1.000
190, 1.000
191, 1.000
192, 1.000
193, 1.000
194, 1.000
195, 1.000
196, 1.000
197, 1.000
198, 1.000
199, 1.000
200, 1.000
201, 1.000
202, 1.000
203, 1.000
204, 1.000
205, 3.000
206, 96.000
207, 16.333
208, 2.000
209, 11.333
210, 2.000
211, 3.333
212, 5.667
213, 1.333
214, 10.333
215, 59.667
216, 112.667
217, 46.000
218, 117.333
219, 72.667
220, 8.333
221, 1.000
222, 1.000
223, 1.000
224, 1.000
225, 1.000
226, 1.000
227, 1.000
228, 1.000
229, 1.000
230, 1.000
231, 1.000
232, 1.000
233, 1.000
234, 1.000
235, 1.000
236, 1.000
237, 1.667
238, 3.333
239, 3.000
240, 2.000
241, 1.333
242, 1.667
243, 1.333
244, 2.333
245, 3.333
246, 6.000
247, 5.333
248, 0.667
249, 3.333
250, 8.000
251, 60.667
252, 41.333
253, 102.667
254, 7.000
255, 20.000
256, 167.333
257, 27.667
258, 4.000
259, 4.000
260, 1.667
261, 1.000
262, 7.667
263, 6.000
264, 5.667
265, 3.000
266, 1.333
267, 1.000
268, 3.333
269, 3.333
270, 1.667
271, 1.000
272, 1.000
273, 1.000
274, 1.000
275, 1.000
276, 1.000
277, 1.000
278, 1.000
279, 1.000
280, 1.000
281, 1.000
282, 1.000
283, 1.000
284, 1.000
285, 1.000
286, 1.000
287, 1.000
288, 1.000
289, 1.000
290, 1.000
291, 1.000
292, 1.000
293, 1.000
294, 1.000
295, 1.000
296, 1.000
297, 1.000
298, 1.000
299, 1.000
300, 1.000
301, 1.000
302, 0.000
303, 5.667
304, 80.667
305, 33.667
306, 1.000
307, 4.000
308, 4.667
309, 7.000
310, 0.667
311, 1.000
312, 2.000
313, 2.333
314, 1.000
315, 1.000
316, 2.000
317, 2.000
318, 1.667
319, 1.000
320, 1.000
321, 1.000
322, 1.000
323, 1.000
324, 1.000
325, 1.000
326, 1.000
327, 1.000
328, 1.000
329, 1.000
330, 1.000
331, 1.000
332, 1.000
333, 1.667
334, 1.333
335, 3.000
336, 0.333
337, 3.667
338, 2.667
339, 1.333
340, 8.333
341, 112.000
342, 161.000
343, 9.667
344, 1.333
345, 6.667
346, 2.667
347, 0.333
348, 4.000
349, 5.000
350, 1.667
351, 1.000
352, 1.000
353, 1.000
354, 1.000
355, 1.000
356, 1.000
357, 1.000
358, 1.000
359, 1.000
360, 1.000
361, 1.000
362, 1.000
363, 1.000
364, 1.000
365, 1.000
366, 1.000
367, 1.000
368, 1.000
369, 1.000
370, 1.000
371, 1.000
372, 1.000
373, 1.000
374, 1.000
375, 1.000
376, 1.000
377, 1.000
378, 1.000
379, 1.000
380, 1.000
381, 1.000
382, 1.333
383, 2.000
384, 4.000
385, 4.000
386, 2.667
387, 1.333
388, 1.667
389, 1.333
390, 5.667
391, 3.000
392, 15.000
393, 99.000
394, 3.667
395, 3.667
396, 14.667
397, 93.000
398, 5.667
399, 0.667
400, 3.667
401, 4.333
402, 9.667
403, 40.000
404, 42.333
405, 6.000
406, 6.000
407, 14.333
408, 123.333
409, 45.667
410, 41.333
411, 116.667
412, 17.667
413, 3.667
414, 0.667
415, 5.333
416, 20.667
417, 75.667
418, 5.333
419, 6.667
420, 10.667
421, 11.000
422, 2.000
423, 8.000
424, 25.333
425, 97.000
426, 94.333
427, 71.000
428, 17.333
429, 14.667
430, 51.667
431, 15.333
432, 7.667
433, 3.667
434, 2.333
435, 5.667
436, 2.333
437, 4.667
438, 2.667
439, 4.000
440, 5.000
441, 3.333
442, 1.333
443, 0.667
444, 4.000
445, 8.333
446, 28.667
447, 43.667
448, 5.667
449, 1.000
450, 0.333
451, 7.000
452, 6.333
453, 15.000
454, 72.333
455, 51.667
456, 78.333
457, 81.333
458, 29.667
459, 32.667
460, 82.333
461, 77.000
462, 29.000
463, 9.333
464, 5.333
465, 4.333
466, 1.000
467, 0.667
468, 3.333
469, 0.333
470, 2.667
471, 3.000
472, 2.667
473, 2.667
474, 2.000
475, 1.333
476, 1.333
477, 1.333
478, 1.000
479, 1.000
480, 1.000
481, 1.000
482, 1.000
483, 1.000
484, 1.000
485, 1.000
486, 1.000
487, 1.000
488, 1.000
489, 1.000
490, 1.000
491, 1.000
492, 1.000
493, 1.000
494, 1.000
495, 1.000
496, 1.000
497, 1.000
498, 1.000
499, 1.000
500, 1.000
501, 1.000
502, 1.000
503, 1.000
504, 1.000
505, 1.000
506, 1.000
507, 1.000
508, 1.000
509, 1.000
510, 1.000
511, 1.000
512, 1.000
513, 1.000
514, 1.000
515, 1.000
516, 1.000
517, 1.000
518, 1.000
519, 1.000
520, 1.000
521, 1.000
522, 1.000
523, 1.000
524, 1.000
525, 1.000
526, 1.000
527, 1.000
528, 1.000
529, 1.000
530, 1.000
531, 1.000
532, 1.000
533, 1.000
