X, Y
0, 87.667
1, 1.944
2, 0.444
3, 1.778
4, 1.111
5, 1.389
6, 1.000
7, 1.000
8, 1.000
9, 1.000
10, 1.000
11, 1.000
12, 1.000
13, 1.000
14, 1.000
15, 1.000
16, 1.000
17, 1.000
18, 1.000
19, 1.000
20, 1.000
21, 1.000
22, 1.000
23, 1.000
24, 1.000
25, 1.000
26, 1.000
27, 1.000
28, 1.000
29, 1.667
30, 3.000
31, 2.333
32, 3.000
33, 3.000
34, 3.667
35, 3.667
36, 2.000
37, 1.667
38, 2.000
39, 16.667
40, 79.333
41, 66.667
42, 55.000
43, 71.333
44, 39.000
45, 34.333
46, 75.667
47, 35.667
48, 12.667
49, 2.333
50, 0.667
51, 4.333
52, 0.333
53, 2.333
54, 1.333
55, 2.333
56, 5.000
57, 5.000
58, 1.667
59, 1.667
60, 3.000
61, 3.333
62, 1.000
63, 0.333
64, 6.333
65, 10.667
66, 34.667
67, 70.000
68, 52.333
69, 70.000
70, 78.667
71, 75.667
72, 68.667
73, 55.333
74, 79.667
75, 81.000
76, 78.333
77, 48.667
78, 15.667
79, 4.000
80, 0.667
81, 7.333
82, 21.667
83, 54.333
84, 46.667
85, 16.667
86, 5.667
87, 2.000
88, 2.667
89, 2.667
90, 1.667
91, 1.667
92, 2.000
93, 11.667
94, 59.000
95, 83.667
96, 25.333
97, 39.667
98, 44.333
99, 15.000
100, 4.000
101, 9.667
102, 29.333
103, 95.667
104, 40.333
105, 12.667
106, 9.333
107, 7.667
108, 1.667
109, 8.667
110, 1.667
111, 1.000
112, 1.000
113, 1.000
114, 1.000
115, 1.000
116, 1.000
117, 1.000
118, 1.000
119, 1.000
120, 1.000
121, 1.000
122, 1.000
123, 1.000
124, 1.000
125, 3.000
126, 6.333
127, 41.333
128, 114.667
129, 112.000
130, 16.667
131, 0.333
132, 10.000
133, 5.333
134, 2.333
135, 3.000
136, 65.333
137, 13.667
138, 6.667
139, 1.667
140, 1.000
141, 6.667
142, 55.333
143, 107.000
144, 14.000
145, 5.667
146, 1.667
147, 1.667
148, 11.333
149, 32.667
150, 43.000
151, 6.667
152, 1.667
153, 2.000
154, 3.333
155, 8.000
156, 3.000
157, 4.333
158, 5.000
159, 2.333
160, 78.333
161, 12.333
162, 5.000
163, 4.333
164, 4.667
165, 0.333
166, 6.000
167, 4.000
168, 5.000
169, 3.667
170, 3.333
171, 1.667
172, 3.000
173, 2.333
174, 1.333
175, 3.000
176, 0.667
177, 1.333
178, 6.333
179, 2.667
180, 3.000
181, 18.000
182, 10.000
183, 0.333
184, 0.667
185, 1.333
186, 2.333
187, 10.667
188, 57.333
189, 7.000
190, 1.000
191, 1.000
192, 1.000
193, 1.000
194, 1.000
195, 1.000
196, 1.000
197, 1.000
198, 1.000
199, 1.000
200, 1.000
201, 1.000
202, 1.000
203, 1.000
204, 1.000
205, 1.333
206, 7.000
207, 69.333
208, 4.000
209, 3.000
210, 2.333
211, 2.000
212, 8.333
213, 3.333
214, 2.667
215, 2.000
216, 1.667
217, 1.333
218, 2.000
219, 2.000
220, 3.000
221, 2.667
222, 1.667
223, 1.000
224, 1.000
225, 1.000
226, 1.000
227, 1.000
228, 1.000
229, 1.000
230, 1.000
231, 1.000
232, 1.000
233, 1.000
234, 1.000
235, 1.000
236, 1.000
237, 1.667
238, 6.333
239, 2.000
240, 113.333
241, 20.667
242, 85.000
243, 58.667
244, 5.667
245, 1.667
246, 9.000
247, 6.667
248, 1.333
249, 1.333
250, 5.000
251, 1.667
252, 10.333
253, 118.667
254, 1.667
255, 1.000
256, 1.000
257, 1.000
258, 1.000
259, 1.000
260, 1.000
261, 1.000
262, 1.000
263, 1.000
264, 1.000
265, 1.000
266, 1.000
267, 1.000
268, 1.000
269, 0.667
270, 0.667
271, 1.000
272, 0.667
273, 0.667
274, 1.667
275, 1.667
276, 2.000
277, 2.000
278, 3.000
279, 1.333
280, 2.667
281, 3.000
282, 20.000
283, 24.333
284, 1.000
285, 1.000
286, 1.000
287, 1.667
288, 2.333
289, 4.333
290, 5.000
291, 5.000
292, 2.333
293, 2.333
294, 3.333
295, 4.333
296, 3.667
297, 1.000
298, 8.667
299, 90.667
300, 0.333
301, 0.000
302, 2.667
303, 2.667
304, 2.000
305, 3.000
306, 5.333
307, 5.333
308, 4.333
309, 1.333
310, 42.333
311, 1.667
312, 1.667
313, 1.667
314, 5.000
315, 4.333
316, 112.333
317, 8.667
318, 45.667
319, 203.333
320, 32.000
321, 3.333
322, 2.333
323, 0.667
324, 2.000
325, 30.667
326, 100.333
327, 7.333
328, 55.667
329, 70.667
330, 4.000
331, 4.333
332, 2.333
333, 65.667
334, 183.000
335, 132.667
336, 6.000
337, 3.333
338, 79.333
339, 178.333
340, 178.000
341, 72.333
342, 6.000
343, 86.667
344, 180.000
345, 12.667
346, 4.333
347, 3.000
348, 2.333
349, 1.333
350, 8.667
351, 124.333
352, 133.667
353, 14.000
354, 29.667
355, 177.000
356, 54.667
357, 169.000
358, 64.000
359, 150.000
360, 81.000
361, 10.667
362, 4.667
363, 1.333
364, 8.000
365, 3.667
366, 27.667
367, 163.667
368, 44.667
369, 3.333
370, 4.000
371, 3.000
372, 2.667
373, 8.333
374, 51.000
375, 151.667
376, 15.000
377, 5.667
378, 21.333
379, 154.333
380, 47.667
381, 5.333
382, 2.333
383, 3.667
384, 63.000
385, 36.000
386, 46.667
387, 141.667
388, 14.667
389, 8.000
390, 21.333
391, 133.667
392, 52.667
393, 126.667
394, 135.333
395, 34.333
396, 5.667
397, 4.333
398, 2.333
399, 8.333
400, 112.667
401, 65.000
402, 10.333
403, 6.333
404, 1.667
405, 4.000
406, 2.333
407, 3.333
408, 13.000
409, 84.333
410, 86.333
411, 13.667
412, 5.667
413, 4.667
414, 4.667
415, 5.000
416, 62.000
417, 17.667
418, 5.000
419, 6.667
420, 15.333
421, 68.000
422, 84.000
423, 21.000
424, 6.667
425, 4.333
426, 1.667
427, 5.333
428, 3.000
429, 12.000
430, 50.000
431, 93.333
432, 22.667
433, 60.667
434, 89.000
435, 56.333
436, 11.333
437, 2.333
438, 3.667
439, 1.667
440, 0.667
441, 2.000
442, 6.000
443, 7.667
444, 5.333
445, 3.000
446, 2.333
447, 1.333
448, 2.333
449, 3.333
450, 1.000
451, 12.333
452, 54.667
453, 72.333
454, 10.000
455, 9.667
456, 14.667
457, 36.667
458, 15.000
459, 2.000
460, 7.333
461, 7.667
462, 3.333
463, 5.667
464, 3.667
465, 1.667
466, 2.667
467, 3.667
468, 16.333
469, 40.333
470, 58.667
471, 22.000
472, 4.667
473, 2.333
474, 3.000
475, 2.667
476, 5.667
477, 5.000
478, 30.000
479, 26.000
480, 4.333
481, 2.000
482, 5.333
483, 26.333
484, 64.000
485, 31.000
486, 10.000
487, 3.667
488, 5.000
489, 6.333
490, 24.667
491, 29.333
492, 5.667
493, 2.333
494, 1.000
495, 1.000
496, 1.000
497, 1.000
498, 1.000
499, 1.000
500, 1.000
501, 1.000
502, 1.000
503, 1.000
504, 1.000
505, 1.000
506, 1.000
507, 1.000
508, 1.000
509, 1.000
510, 1.000
511, 1.000
512, 1.000
513, 1.000
514, 1.000
515, 1.000
516, 1.000
517, 1.000
518, 1.000
519, 1.000
520, 1.000
521, 1.000
522, 1.000
523, 1.000
524, 1.000
525, 1.000
526, 1.333
527, 3.667
528, 25.667
529, 48.000
530, 16.667
531, 6.000
532, 3.000
533, 1.333
534, 4.000
