X, Y
0, 160.667
1, 88.167
2, 3.500
3, 1.667
4, 6.167
5, 6.333
6, 7.167
7, 5.333
8, 1.000
9, 4.667
10, 3.000
11, 9.000
12, 26.000
13, 76.000
14, 112.000
15, 110.000
16, 53.667
17, 24.667
18, 35.667
19, 96.333
20, 121.000
21, 125.333
22, 131.333
23, 125.667
24, 124.333
25, 114.667
26, 110.667
27, 85.000
28, 108.000
29, 101.667
30, 58.333
31, 22.333
32, 17.000
33, 35.333
34, 90.667
35, 97.000
36, 80.333
37, 28.333
38, 7.000
39, 2.000
40, 7.333
41, 5.667
42, 22.000
43, 67.333
44, 53.667
45, 22.333
46, 7.333
47, 3.667
48, 2.000
49, 2.000
50, 2.667
51, 2.667
52, 3.000
53, 3.333
54, 4.667
55, 7.667
56, 14.333
57, 29.667
58, 66.667
59, 70.333
60, 39.000
61, 40.667
62, 67.000
63, 75.667
64, 75.667
65, 67.333
66, 50.000
67, 59.000
68, 64.333
69, 36.000
70, 24.333
71, 28.000
72, 52.000
73, 59.000
74, 50.000
75, 50.333
76, 69.333
77, 56.333
78, 21.333
79, 12.333
80, 12.667
81, 22.667
82, 63.667
83, 80.667
84, 48.333
85, 49.667
86, 68.000
87, 17.667
88, 10.333
89, 6.000
90, 5.000
91, 3.667
92, 4.000
93, 4.000
94, 5.333
95, 4.000
96, 1.333
97, 1.333
98, 3.000
99, 3.000
100, 4.667
101, 4.000
102, 5.000
103, 5.000
104, 4.667
105, 5.333
106, 20.333
107, 60.667
108, 110.333
109, 103.000
110, 50.000
111, 14.667
112, 6.000
113, 9.333
114, 6.000
115, 12.667
116, 42.333
117, 116.000
118, 126.000
119, 125.000
120, 125.000
121, 124.333
122, 128.000
123, 131.667
124, 75.333
125, 26.000
126, 59.000
127, 127.000
128, 135.000
129, 126.667
130, 38.333
131, 6.333
132, 4.667
133, 1.333
134, 3.667
135, 6.000
136, 4.667
137, 3.000
138, 1.667
139, 1.667
140, 2.667
141, 2.667
142, 2.000
143, 1.333
144, 1.000
145, 1.000
146, 1.000
147, 1.000
148, 1.000
149, 1.000
150, 1.000
151, 1.000
152, 1.000
153, 1.000
154, 1.000
155, 1.000
156, 1.000
157, 1.000
158, 1.000
159, 1.000
160, 5.000
161, 0.667
162, 1.333
163, 1.667
164, 1.667
165, 1.333
166, 5.333
167, 17.000
168, 104.333
169, 128.667
170, 88.000
171, 161.000
172, 108.667
173, 12.333
174, 2.667
175, 2.667
176, 1.000
177, 1.000
178, 1.000
179, 1.000
180, 1.000
181, 1.000
182, 1.000
183, 1.000
184, 1.000
185, 1.000
186, 1.000
187, 1.000
188, 1.000
189, 1.000
190, 1.000
191, 1.000
192, 1.000
193, 1.000
194, 1.000
195, 1.000
196, 1.000
197, 1.000
198, 1.000
199, 1.000
200, 1.000
201, 1.000
202, 1.000
203, 1.000
204, 1.000
205, 1.000
206, 1.000
207, 1.000
208, 1.000
209, 1.000
210, 1.000
211, 1.000
212, 1.000
213, 1.000
214, 1.000
215, 1.000
216, 1.000
217, 1.000
218, 1.000
219, 1.000
220, 1.000
221, 1.000
222, 1.000
223, 1.000
224, 1.000
225, 1.000
226, 1.000
227, 1.000
228, 1.000
229, 1.000
230, 1.000
231, 1.000
232, 2.000
233, 1.000
234, 1.000
235, 0.000
236, 1.000
237, 2.000
238, 4.000
239, 6.000
240, 51.667
241, 142.000
242, 93.000
243, 9.333
244, 2.667
245, 6.000
246, 3.333
247, 7.667
248, 3.333
249, 3.000
250, 3.667
251, 3.333
252, 3.667
253, 3.000
254, 3.000
255, 2.667
256, 3.333
257, 1.000
258, 2.667
259, 8.667
260, 105.333
261, 123.333
262, 10.667
263, 3.000
264, 3.000
265, 3.333
266, 3.000
267, 2.333
268, 3.000
269, 3.000
270, 3.000
271, 2.333
272, 2.667
273, 2.000
274, 2.000
275, 2.667
276, 3.333
277, 3.333
278, 2.667
279, 1.667
280, 0.000
281, 0.333
282, 6.667
283, 1.000
284, 3.000
285, 36.000
286, 183.000
287, 35.333
288, 52.667
289, 173.667
290, 134.667
291, 5.333
292, 4.000
293, 1.667
294, 2.333
295, 3.667
296, 2.667
297, 3.333
298, 4.667
299, 4.000
300, 1.667
301, 1.667
302, 3.000
303, 3.333
304, 1.667
305, 1.000
306, 1.000
307, 1.000
308, 1.000
309, 1.000
310, 1.000
311, 1.000
312, 1.000
313, 1.000
314, 1.000
315, 1.000
316, 1.000
317, 1.000
318, 1.000
319, 1.000
320, 1.000
321, 1.000
322, 1.000
323, 1.000
324, 1.000
325, 1.000
326, 1.000
327, 1.000
328, 1.000
329, 1.000
330, 1.000
331, 1.000
332, 1.000
333, 1.000
334, 1.000
335, 1.000
336, 1.000
337, 1.000
338, 1.000
339, 1.000
340, 1.000
341, 1.000
342, 1.000
343, 1.000
344, 1.000
345, 1.000
346, 1.000
347, 1.000
348, 1.000
349, 1.000
350, 1.000
351, 1.667
352, 4.333
353, 53.667
354, 165.667
355, 144.000
356, 8.000
357, 6.000
358, 2.000
359, 3.667
360, 10.333
361, 83.000
362, 152.333
363, 9.333
364, 5.667
365, 2.000
366, 4.333
367, 8.333
368, 4.000
369, 10.667
370, 160.667
371, 153.333
372, 26.667
373, 6.333
374, 3.000
375, 4.000
376, 1.333
377, 0.667
378, 1.667
379, 3.333
380, 10.000
381, 88.000
382, 107.000
383, 10.000
384, 5.333
385, 2.000
386, 1.000
387, 3.000
388, 7.667
389, 29.333
390, 135.333
391, 127.667
392, 18.333
393, 5.667
394, 1.333
395, 3.667
396, 1.000
397, 2.333
398, 4.333
399, 1.333
400, 2.000
401, 2.333
402, 4.000
403, 2.667
404, 1.667
405, 1.667
406, 3.333
407, 13.333
408, 91.667
409, 113.000
410, 116.000
411, 16.333
412, 8.333
413, 0.667
414, 3.000
415, 4.000
416, 4.667
417, 3.000
418, 1.333
419, 1.333
420, 1.333
421, 2.000
422, 2.000
423, 3.000
424, 8.000
425, 3.667
426, 6.667
427, 19.667
428, 91.667
429, 96.000
430, 80.667
431, 19.000
432, 6.667
433, 1.333
434, 4.333
435, 5.667
436, 4.667
437, 4.000
438, 2.667
439, 1.667
440, 2.667
441, 4.333
442, 15.667
443, 56.333
444, 81.667
445, 63.667
446, 14.000
447, 7.000
448, 1.667
449, 5.000
450, 3.667
451, 10.000
452, 22.000
453, 79.000
454, 34.000
455, 13.333
456, 4.000
457, 3.000
458, 4.000
459, 5.000
460, 3.333
461, 4.000
462, 5.000
463, 5.333
464, 3.333
465, 3.000
466, 5.667
467, 2.000
468, 5.333
469, 3.333
470, 14.333
471, 58.000
472, 47.000
473, 14.333
474, 4.333
475, 2.667
476, 5.000
477, 6.667
478, 3.333
479, 11.000
480, 48.000
481, 56.333
482, 19.667
483, 5.333
484, 7.333
485, 1.000
486, 3.000
487, 6.333
488, 6.000
489, 3.667
490, 1.333
491, 0.667
492, 0.333
493, 1.000
494, 1.000
495, 1.667
496, 1.000
497, 1.000
498, 1.000
499, 1.000
500, 1.000
501, 1.000
502, 1.000
503, 1.000
504, 1.000
505, 1.000
506, 1.000
507, 1.000
508, 1.000
509, 1.000
510, 1.000
511, 1.000
512, 1.000
513, 1.000
514, 1.000
515, 1.000
516, 1.000
517, 1.000
518, 1.000
519, 1.000
520, 1.000
521, 1.000
522, 1.000
523, 1.000
524, 1.000
525, 1.000
526, 1.000
527, 1.000
528, 1.000
529, 1.000
530, 1.000
531, 1.000
532, 1.000
