X, Y
0, 30.000
1, 0.000
2, 2.000
3, 1.000
4, 2.000
5, 0.000
6, 3.000
7, 1.000
8, 1.000
9, 1.000
10, 1.000
11, 1.000
12, 1.000
13, 1.000
14, 3.000
15, 38.000
16, 12.667
17, 10.333
18, 5.333
19, 2.333
20, 6.333
21, 1.000
22, 1.000
23, 1.000
24, 1.000
25, 1.333
26, 1.333
27, 1.667
28, 1.000
29, 1.667
30, 1.000
31, 1.000
32, 1.000
33, 1.000
34, 1.000
35, 1.000
36, 1.000
37, 1.000
38, 1.000
39, 1.000
40, 1.000
41, 1.000
42, 1.000
43, 1.000
44, 1.000
45, 1.000
46, 1.000
47, 1.667
48, 15.667
49, 67.333
50, 65.000
51, 18.000
52, 2.333
53, 3.000
54, 3.000
55, 1.000
56, 0.667
57, 1.000
58, 1.667
59, 2.333
60, 2.333
61, 2.000
62, 1.667
63, 1.000
64, 1.000
65, 1.000
66, 1.000
67, 1.000
68, 1.000
69, 1.000
70, 1.000
71, 1.000
72, 1.000
73, 1.000
74, 1.000
75, 1.000
76, 1.000
77, 1.000
78, 1.000
79, 1.000
80, 1.000
81, 1.000
82, 1.000
83, 1.000
84, 1.000
85, 1.000
86, 1.000
87, 1.000
88, 1.000
89, 1.000
90, 1.000
91, 1.000
92, 1.000
93, 1.000
94, 1.000
95, 1.000
96, 1.000
97, 1.000
98, 1.000
99, 1.000
100, 1.000
101, 1.000
102, 1.000
103, 1.000
104, 1.000
105, 1.000
106, 1.000
107, 1.000
108, 1.000
109, 1.000
110, 4.667
111, 19.667
112, 66.333
113, 18.667
114, 4.000
115, 2.333
116, 7.000
117, 7.667
118, 8.667
119, 16.000
120, 65.667
121, 117.000
122, 94.667
123, 14.333
124, 4.667
125, 1.000
126, 5.333
127, 9.667
128, 62.333
129, 129.667
130, 116.333
131, 11.667
132, 1.667
133, 3.333
134, 1.667
135, 3.000
136, 2.333
137, 3.000
138, 2.667
139, 2.667
140, 1.333
141, 1.667
142, 2.000
143, 1.667
144, 9.667
145, 91.333
146, 148.667
147, 111.667
148, 23.000
149, 3.667
150, 3.000
151, 1.333
152, 1.667
153, 4.000
154, 4.667
155, 2.667
156, 2.000
157, 3.000
158, 2.667
159, 2.667
160, 3.667
161, 5.333
162, 10.667
163, 38.000
164, 176.333
165, 170.000
166, 69.000
167, 154.333
168, 159.333
169, 23.333
170, 4.667
171, 4.333
172, 1.667
173, 3.333
174, 1.667
175, 1.000
176, 1.000
177, 1.000
178, 1.000
179, 1.000
180, 1.000
181, 1.000
182, 1.000
183, 1.000
184, 1.000
185, 1.000
186, 1.000
187, 1.000
188, 1.000
189, 1.000
190, 1.000
191, 0.333
192, 1.667
193, 1.667
194, 23.000
195, 80.000
196, 20.000
197, 1.333
198, 3.667
199, 1.000
200, 1.000
201, 2.000
202, 2.333
203, 1.333
204, 1.000
205, 1.000
206, 1.333
207, 3.667
208, 1.000
209, 9.000
210, 4.667
211, 3.000
212, 2.000
213, 5.333
214, 25.000
215, 109.000
216, 99.000
217, 9.000
218, 3.000
219, 5.667
220, 3.667
221, 0.333
222, 3.333
223, 1.000
224, 1.000
225, 1.000
226, 1.000
227, 1.000
228, 1.000
229, 1.000
230, 1.000
231, 1.000
232, 1.000
233, 1.000
234, 1.000
235, 1.000
236, 1.000
237, 1.000
238, 1.333
239, 14.000
240, 39.667
241, 3.000
242, 2.000
243, 0.333
244, 3.667
245, 4.333
246, 2.000
247, 3.000
248, 2.667
249, 2.333
250, 2.000
251, 1.333
252, 1.333
253, 2.667
254, 2.000
255, 1.000
256, 1.000
257, 1.000
258, 1.000
259, 1.000
260, 1.000
261, 1.000
262, 1.000
263, 1.000
264, 1.000
265, 1.000
266, 1.000
267, 1.000
268, 1.000
269, 1.000
270, 1.000
271, 1.000
272, 1.000
273, 1.000
274, 1.000
275, 1.000
276, 1.000
277, 1.000
278, 1.000
279, 1.000
280, 1.000
281, 1.000
282, 1.000
283, 1.000
284, 1.000
285, 1.000
286, 1.000
287, 1.000
288, 1.000
289, 1.000
290, 1.000
291, 1.000
292, 1.000
293, 1.000
294, 1.000
295, 1.000
296, 1.000
297, 1.000
298, 1.000
299, 1.000
300, 1.000
301, 1.000
302, 1.000
303, 1.000
304, 1.000
305, 1.000
306, 1.000
307, 1.000
308, 1.000
309, 1.000
310, 1.000
311, 1.000
312, 1.000
313, 1.000
314, 1.000
315, 1.000
316, 1.000
317, 1.000
318, 1.000
319, 0.000
320, 2.333
321, 0.667
322, 0.000
323, 3.333
324, 0.333
325, 2.333
326, 17.333
327, 106.000
328, 19.667
329, 2.000
330, 4.000
331, 5.333
332, 5.333
333, 6.000
334, 0.333
335, 2.000
336, 4.000
337, 6.667
338, 7.333
339, 5.333
340, 3.333
341, 3.000
342, 2.667
343, 1.667
344, 1.667
345, 2.333
346, 5.667
347, 2.667
348, 45.000
349, 170.333
350, 156.000
351, 5.667
352, 1.000
353, 1.000
354, 1.000
355, 1.000
356, 1.000
357, 1.000
358, 1.000
359, 1.000
360, 1.000
361, 1.000
362, 1.000
363, 1.000
364, 1.000
365, 1.000
366, 0.667
367, 1.667
368, 1.667
369, 6.000
370, 8.000
371, 7.000
372, 111.333
373, 159.333
374, 74.333
375, 7.667
376, 5.667
377, 7.000
378, 7.000
379, 3.667
380, 2.333
381, 1.667
382, 1.667
383, 1.000
384, 1.667
385, 2.667
386, 6.333
387, 45.333
388, 134.333
389, 135.000
390, 136.000
391, 57.000
392, 11.667
393, 2.333
394, 9.000
395, 2.667
396, 2.333
397, 1.667
398, 4.333
399, 4.333
400, 3.667
401, 3.333
402, 4.333
403, 4.333
404, 4.000
405, 6.000
406, 6.000
407, 3.667
408, 9.333
409, 113.333
410, 120.000
411, 35.333
412, 8.667
413, 8.667
414, 49.333
415, 2.333
416, 1.000
417, 1.000
418, 1.000
419, 1.000
420, 1.000
421, 1.000
422, 1.000
423, 1.000
424, 1.000
425, 1.000
426, 1.000
427, 1.000
428, 1.000
429, 1.000
430, 1.000
431, 1.000
432, 1.000
433, 1.000
434, 1.000
435, 1.000
436, 1.000
437, 1.000
438, 1.000
439, 1.000
440, 1.000
441, 1.000
442, 1.000
443, 1.000
444, 1.000
445, 1.000
446, 1.000
447, 1.667
448, 2.000
449, 3.667
450, 3.667
451, 1.667
452, 1.667
453, 2.667
454, 2.000
455, 3.667
456, 2.333
457, 3.000
458, 5.333
459, 41.333
460, 21.000
461, 5.000
462, 1.667
463, 0.667
464, 1.000
465, 1.000
466, 1.000
467, 1.000
468, 1.000
469, 1.000
470, 1.000
471, 1.000
472, 1.000
473, 1.000
474, 1.000
475, 1.000
476, 1.000
477, 1.000
478, 1.000
479, 1.000
480, 1.000
481, 1.000
482, 1.000
483, 1.000
484, 1.000
485, 1.000
486, 1.000
487, 1.000
488, 1.000
489, 1.000
490, 1.000
491, 1.000
492, 1.000
493, 1.000
494, 1.000
495, 1.000
496, 1.000
497, 1.000
498, 1.000
499, 1.000
500, 1.000
501, 1.000
502, 1.000
503, 1.000
504, 1.000
505, 1.000
506, 1.000
507, 1.000
508, 1.000
509, 1.000
510, 1.000
511, 1.000
512, 1.000
513, 1.000
514, 1.000
515, 1.000
516, 1.000
517, 1.000
518, 1.000
519, 1.000
520, 1.000
521, 1.000
522, 1.000
523, 1.000
524, 1.000
525, 1.000
526, 1.000
527, 1.000
528, 1.000
529, 1.000
530, 1.000
531, 1.000
532, 1.000
533, 1.000
534, 1.000
535, 1.000
536, 1.000
537, 1.000
538, 1.000
539, 1.000
540, 1.000
541, 1.000
542, 3.667
543, 18.667
544, 28.667
545, 21.000
546, 7.667
547, 6.000
548, 3.000
549, 0.667
550, 1.333
551, 1.333
552, 1.000
553, 1.667
