Timestamp, Time, Mean, Variance, SDeviation, Weighted, Min, Max, RootMeanSquare
43.0900, 0.000000000E+000, -7.517366592E-006, 4.331019087E-006, 2.081110061E-003, 4.729015593E+002, -4.451781511E-003, 9.783093818E-003, 2.057870435E-003
43.1900, 1.000000000E-001, 1.661168302E-004, 2.983613073E-006, 1.727313832E-003, 4.729703036E+002, -1.752119162E-003, 9.667097591E-003, 1.716072656E-003
43.2900, 2.000000000E-001, 4.692358983E-004, 4.019796067E-006, 2.004942909E-003, 4.727790324E+002, -2.268023556E-003, 1.139422599E-002, 2.037314309E-003
43.3900, 3.000000000E-001, 1.860126621E-004, 3.496756124E-006, 1.869961530E-003, 4.723958996E+002, -4.820239265E-003, 9.525442496E-003, 1.858400157E-003
43.4900, 4.000000000E-001, 8.771633203E-004, 4.060296025E-006, 2.015017624E-003, 4.731959868E+002, -2.274433151E-003, 1.154798921E-002, 2.177035304E-003
43.5900, 5.000000000E-001, 3.850541250E-004, 4.459126880E-006, 2.111664481E-003, 4.729375565E+002, -2.475348068E-003, 1.134872623E-002, 2.123276207E-003
43.6900, 6.000000000E-001, 6.011097784E-004, 4.166236584E-006, 2.041136101E-003, 4.729317905E+002, -3.073190572E-003, 1.148331631E-002, 2.105940767E-003
43.7900, 7.000000000E-001, 5.045337329E-004, 3.004431018E-006, 1.733329460E-003, 4.726844007E+002, -2.600797918E-003, 8.406391367E-003, 1.786678531E-003
43.8900, 8.000000000E-001, 8.410974923E-004, 3.730564796E-006, 1.931467006E-003, 4.726006792E+002, -2.826195676E-003, 9.262890555E-003, 2.086889635E-003
43.9900, 9.000000000E-001, 5.831911370E-004, 3.173961614E-006, 1.781561566E-003, 4.728715765E+002, -2.842324320E-003, 9.248260409E-003, 1.855678053E-003
44.0900, 1.000000000E+000, -5.322291949E-005, 4.074010898E-006, 2.018417920E-003, 4.724984943E+002, -3.721093759E-003, 9.214781225E-003, 1.996574567E-003
44.1900, 1.100000000E+000, 3.538216115E-004, 2.124130244E-006, 1.457439619E-003, 4.731743732E+002, -1.772114192E-003, 7.670143154E-003, 1.483953194E-003
44.2900, 1.200000000E+000, 7.233259499E-004, 3.628137549E-006, 1.904767059E-003, 4.731468598E+002, -1.823719125E-003, 9.132121690E-003, 2.017600729E-003
44.3900, 1.300000000E+000, 3.482971726E-004, 2.704038673E-006, 1.644396142E-003, 4.737769771E+002, -2.581788693E-003, 8.349661715E-003, 1.662907047E-003
44.4900, 1.400000000E+000, 1.520137490E-004, 3.312789905E-006, 1.820107114E-003, 4.737151638E+002, -2.668134170E-003, 9.483942762E-003, 1.806178433E-003
44.5900, 1.500000000E+000, 4.467958969E-004, 3.461975559E-006, 1.860638482E-003, 4.732206025E+002, -2.085197717E-003, 1.087233424E-002, 1.893322303E-003
44.6900, 1.600000000E+000, 8.278577249E-004, 3.911983456E-006, 1.977873468E-003, 4.728888990E+002, -3.013738664E-003, 1.121417340E-002, 2.123769974E-003
44.7900, 1.700000000E+000, -4.812477305E-005, 4.753773156E-006, 2.180314921E-003, 4.730919230E+002, -4.899704829E-003, 1.104463916E-002, 2.156490145E-003
44.8900, 1.800000000E+000, 4.691660025E-005, 4.152964556E-006, 2.037882370E-003, 4.726208930E+002, -2.544322750E-003, 1.082690526E-002, 2.015658111E-003
44.9900, 1.900000000E+000, 6.148743762E-005, 3.505092908E-006, 1.872189336E-003, 4.730336651E+002, -2.536920598E-003, 1.023562904E-002, 1.852291192E-003
45.0900, 2.000000000E+000, 2.866921257E-004, 3.978545952E-006, 1.994629277E-003, 4.733064652E+002, -1.567260246E-003, 1.139477175E-002, 1.993069541E-003
45.1900, 2.100000000E+000, 3.124654762E-004, 3.249336024E-006, 1.802591474E-003, 4.729377060E+002, -2.946553985E-003, 8.469933644E-003, 1.809630689E-003
45.2900, 2.200000000E+000, 7.867735610E-004, 3.431729039E-006, 1.852492655E-003, 4.728837243E+002, -1.554621267E-003, 1.093642320E-002, 1.993610050E-003
45.3900, 2.300000000E+000, 5.315899138E-004, 3.017008729E-006, 1.736953865E-003, 4.729198315E+002, -1.715606195E-003, 9.159668349E-003, 1.797929900E-003
45.4900, 2.400000000E+000, -3.563431148E-005, 3.611814334E-006, 1.900477396E-003, 4.732577323E+002, -2.262101509E-003, 1.021441445E-002, 1.879580165E-003
45.5900, 2.500000000E+000, 6.733399525E-004, 3.543418658E-006, 1.882397051E-003, 4.728804764E+002, -1.823472558E-003, 1.099718455E-002, 1.979409688E-003
45.6900, 2.600000000E+000, -3.402143421E-004, 3.201203340E-006, 1.789190694E-003, 4.733248070E+002, -3.262267448E-003, 8.866327815E-003, 1.801613523E-003
45.7900, 2.700000000E+000, 3.082544155E-004, 3.234104135E-006, 1.798361514E-003, 4.730814831E+002, -2.261183690E-003, 9.452784434E-003, 1.804786951E-003
45.8900, 2.800000000E+000, 3.157561150E-006, 4.137357067E-006, 2.034049426E-003, 4.731366948E+002, -3.782317275E-003, 1.072445884E-002, 2.011324382E-003
45.9900, 2.900000000E+000, 1.359642888E-003, 3.407506011E-006, 1.845943122E-003, 4.732548311E+002, -2.115851268E-003, 1.024126075E-002, 2.276051941E-003
46.0900, 3.000000000E+000, 7.907194227E-005, 4.531549598E-006, 2.128743667E-003, 4.730515840E+002, -3.044119338E-003, 1.099941786E-002, 2.106442705E-003
46.1900, 3.100000000E+000, 4.537478462E-004, 3.294402313E-006, 1.815048846E-003, 4.731876184E+002, -2.576848958E-003, 9.164383635E-003, 1.851237554E-003
46.2900, 3.200000000E+000, -1.299064348E-004, 3.655286725E-006, 1.911880416E-003, 4.731529822E+002, -2.769533312E-003, 9.219749831E-003, 1.894975940E-003
46.3900, 3.300000000E+000, 3.085786522E-004, 4.329933988E-006, 2.080849343E-003, 4.730788415E+002, -2.148627304E-003, 1.178475842E-002, 2.080609050E-003
46.4900, 3.400000000E+000, -8.720455622E-006, 5.079401919E-006, 2.253752852E-003, 4.729521560E+002, -4.027947783E-003, 1.082990132E-002, 2.228587527E-003
46.5900, 3.500000000E+000, -6.751397135E-005, 3.800906378E-006, 1.949591336E-003, 4.730945165E+002, -3.002041252E-003, 1.012484077E-002, 1.928989354E-003
46.6900, 3.600000000E+000, 8.302995405E-004, 3.661000794E-006, 1.913374191E-003, 4.723395190E+002, -1.976939384E-003, 9.762969799E-003, 2.066166147E-003
46.7900, 3.700000000E+000, 4.661205973E-004, 5.011624965E-006, 2.238665889E-003, 4.725312758E+002, -2.790412633E-003, 1.241034828E-002, 2.262194495E-003
46.8900, 3.800000000E+000, 1.578133406E-004, 3.397562746E-006, 1.843247880E-003, 4.730644829E+002, -2.475414891E-003, 9.996348061E-003, 1.829471618E-003
46.9900, 3.900000000E+000, 3.156366399E-004, 3.364007662E-006, 1.834123132E-003, 4.734468497E+002, -2.020074520E-003, 1.042502746E-002, 1.840890661E-003
47.0900, 4.000000000E+000, 9.937480782E-005, 2.177239195E-006, 1.475547083E-003, 4.730559270E+002, -2.104009734E-003, 7.367416751E-003, 1.462440240E-003
47.1900, 4.100000000E+000, 6.531026918E-004, 5.158358552E-006, 2.271202006E-003, 4.724506234E+002, -2.168493345E-003, 1.254660450E-002, 2.338861152E-003
47.2900, 4.200000000E+000, 6.081146041E-004, 2.824815009E-006, 1.680718599E-003, 4.730104961E+002, -2.451687353E-003, 8.878353052E-003, 1.769701871E-003
47.3900, 4.300000000E+000, 6.412091599E-004, 4.134756415E-006, 2.033410046E-003, 4.726686479E+002, -2.323951107E-003, 1.098410692E-002, 2.110455431E-003
47.4900, 4.400000000E+000, 8.188753063E-004, 4.050981935E-006, 2.012705129E-003, 4.728789947E+002, -2.276323037E-003, 1.213888731E-002, 2.152095928E-003
47.5900, 4.500000000E+000, 5.739769027E-004, 3.767790394E-006, 1.941079698E-003, 4.735076369E+002, -2.434142865E-003, 1.027749199E-002, 2.003374953E-003
47.6900, 4.600000000E+000, 6.614475246E-006, 3.421378952E-006, 1.849696989E-003, 4.731031218E+002, -2.435328439E-003, 1.017426141E-002, 1.829041295E-003
47.7900, 4.700000000E+000, 5.656798745E-004, 3.865770301E-006, 1.966156225E-003, 4.724383152E+002, -2.587940311E-003, 1.034274418E-002, 2.024810612E-003
47.8900, 4.800000000E+000, 5.793808946E-004, 3.944936963E-006, 1.986186538E-003, 4.729540914E+002, -4.291265272E-003, 9.826636873E-003, 2.047670364E-003
47.9900, 4.900000000E+000, 4.778557692E-004, 4.123115231E-006, 2.030545550E-003, 4.731203251E+002, -2.270528814E-003, 1.120383106E-002, 2.063937156E-003
48.0900, 5.000000000E+000, 8.019238960E-004, 3.528058884E-006, 1.878312776E-003, 4.727584122E+002, -1.742234919E-003, 1.045566332E-002, 2.023052029E-003
48.1900, 5.100000000E+000, 8.844020576E-004, 4.949644471E-006, 2.224779645E-003, 4.730459835E+002, -1.854585251E-003, 1.209874637E-002, 2.371037615E-003
48.2900, 5.200000000E+000, 2.094237670E-004, 2.718686632E-006, 1.648844029E-003, 4.729192366E+002, -2.699356526E-003, 7.989824750E-003, 1.643815588E-003
48.3900, 5.300000000E+000, 1.474982832E-004, 4.207973400E-006, 2.051334541E-003, 4.725876263E+002, -2.311708406E-003, 1.127437130E-002, 2.033769560E-003
48.4900, 5.400000000E+000, 3.066240578E-005, 3.869345636E-006, 1.967065234E-003, 4.731629960E+002, -2.930964576E-003, 1.073183957E-002, 1.945327829E-003
48.5900, 5.500000000E+000, 4.487344294E-004, 4.298498004E-006, 2.073281940E-003, 4.730112519E+002, -2.051314339E-003, 1.201484166E-002, 2.098651570E-003
48.6900, 5.600000000E+000, 8.278783593E-004, 2.840508381E-006, 1.685380782E-003, 4.725693280E+002, -2.836959437E-003, 9.141813964E-003, 1.860851566E-003
48.7900, 5.700000000E+000, 1.003060864E-003, 2.096119401E-006, 1.447798122E-003, 4.730409772E+002, -1.372317085E-003, 7.956734858E-003, 1.748047501E-003
48.8900, 5.800000000E+000, 5.115127877E-004, 4.251025442E-006, 2.061801504E-003, 4.730959234E+002, -1.621118281E-003, 1.166348346E-002, 2.101952317E-003
48.9900, 5.900000000E+000, 4.417718626E-004, 4.070724741E-006, 2.017603713E-003, 4.730311294E+002, -2.063055057E-003, 1.146517508E-002, 2.043386055E-003
49.0900, 6.000000000E+000, 3.675318295E-004, 3.661755127E-006, 1.913571302E-003, 4.729972804E+002, -2.320185537E-003, 9.476909414E-003, 1.927553485E-003
49.1900, 6.100000000E+000, 3.084137374E-004, 3.685746340E-006, 1.919829769E-003, 4.731068544E+002, -2.371719806E-003, 1.045179926E-002, 1.923268026E-003
49.2900, 6.200000000E+000, 7.914379698E-004, 3.017476965E-006, 1.737088646E-003, 4.727056732E+002, -2.080398612E-003, 8.927906863E-003, 1.891241915E-003
49.3900, 6.300000000E+000, 2.490753645E-004, 4.304314505E-006, 2.074684194E-003, 4.730531107E+002, -3.032646608E-003, 1.084762998E-002, 2.066567591E-003
49.4900, 6.400000000E+000, 2.927293674E-004, 3.703537558E-006, 1.924457731E-003, 4.722878210E+002, -2.325145993E-003, 9.988430887E-003, 1.925338206E-003
49.5900, 6.500000000E+000, 4.149542814E-004, 4.008183370E-006, 2.002044797E-003, 4.729225781E+002, -2.887847368E-003, 9.880901314E-003, 2.022696142E-003
49.6900, 6.600000000E+000, 6.343507917E-005, 3.211397566E-006, 1.792037267E-003, 4.738000754E+002, -2.701252233E-003, 8.906465955E-003, 1.773148946E-003
49.7900, 6.700000000E+000, 4.285349161E-005, 3.430890659E-006, 1.852266357E-003, 4.729098892E+002, -3.502710024E-003, 9.109752253E-003, 1.832071250E-003
49.8900, 6.800000000E+000, 4.164422410E-005, 4.639901108E-006, 2.154042968E-003, 4.725284854E+002, -3.457070794E-003, 1.034415141E-002, 2.130381758E-003
49.9900, 6.900000000E+000, 6.114939815E-004, 3.033177923E-006, 1.741602114E-003, 4.729879171E+002, -2.384375781E-003, 9.298615158E-003, 1.827484298E-003
50.0900, 7.000000000E+000, -4.012706223E-005, 3.340815611E-006, 1.827789816E-003, 4.728907242E+002, -2.599241212E-003, 9.925809689E-003, 1.807812337E-003
50.1900, 7.100000000E+000, 8.311824963E-004, 3.930651985E-006, 1.982587195E-003, 4.731534405E+002, -2.468300983E-003, 1.119188499E-002, 2.129358708E-003
50.2900, 7.200000000E+000, 2.143738742E-004, 5.060937836E-006, 2.249652826E-003, 4.731079001E+002, -3.432086669E-003, 1.155905146E-002, 2.234821852E-003
50.3900, 7.300000000E+000, -2.470333089E-004, 3.047832213E-006, 1.745804174E-003, 4.732159575E+002, -2.961242339E-003, 7.647808176E-003, 1.743883042E-003
50.4900, 7.400000000E+000, 5.714212645E-004, 4.096178982E-006, 2.023901920E-003, 4.731381236E+002, -2.350745723E-003, 1.068541221E-002, 2.081267653E-003
50.5900, 7.500000000E+000, 4.256777550E-004, 3.804465455E-006, 1.950503898E-003, 4.729648291E+002, -3.174545942E-003, 1.019101404E-002, 1.975126155E-003
50.6900, 7.600000000E+000, 1.084263603E-003, 3.967388584E-006, 1.991830461E-003, 4.729351313E+002, -1.304450678E-003, 1.194282062E-002, 2.248299792E-003
50.7900, 7.700000000E+000, 5.510138690E-004, 3.304370070E-006, 1.817792637E-003, 4.730916203E+002, -2.105756896E-003, 9.690088220E-003, 1.880041464E-003
50.8900, 7.800000000E+000, 7.510996301E-004, 3.108989195E-006, 1.763232598E-003, 4.730851677E+002, -1.340981107E-003, 1.069404185E-002, 1.898433881E-003
50.9900, 7.900000000E+000, 1.322739274E-004, 2.984932879E-006, 1.727695829E-003, 4.731816116E+002, -1.749623450E-003, 8.152884431E-003, 1.713504429E-003
51.0900, 8.000000000E+000, 4.037270409E-004, 4.046445244E-006, 2.011577800E-003, 4.723980946E+002, -2.701033140E-003, 9.663295001E-003, 2.029660012E-003
51.1900, 8.100000000E+000, 2.863565764E-004, 3.413541419E-006, 1.847577175E-003, 4.733259440E+002, -3.934584558E-003, 8.809410967E-003, 1.849239041E-003
51.2900, 8.200000000E+000, 2.307085904E-004, 4.044690799E-006, 2.011141666E-003, 4.729867525E+002, -3.018750576E-003, 1.131975092E-002, 2.002007801E-003
51.3900, 8.300000000E+000, 8.939683890E-004, 3.868745576E-006, 1.966912702E-003, 4.724489306E+002, -2.178963507E-003, 1.109761652E-002, 2.140549680E-003
51.4900, 8.400000000E+000, 5.855532043E-004, 3.699563332E-006, 1.923424896E-003, 4.732903216E+002, -1.715188497E-003, 1.094249729E-002, 1.990030997E-003
51.5900, 8.500000000E+000, -2.465838754E-005, 2.534899564E-006, 1.592136792E-003, 4.734499189E+002, -2.453810535E-003, 7.451645564E-003, 1.574540091E-003
51.6900, 8.600000000E+000, 2.766127011E-004, 3.534852712E-006, 1.880120398E-003, 4.728523208E+002, -3.166012699E-003, 8.956839330E-003, 1.879578414E-003
51.7900, 8.700000000E+000, 6.353843618E-004, 3.242029593E-006, 1.800563688E-003, 4.724924887E+002, -2.623890992E-003, 1.052261423E-002, 1.890422645E-003
51.8900, 8.800000000E+000, 2.409810645E-004, 3.598034937E-006, 1.896848686E-003, 4.727409786E+002, -2.532330574E-003, 9.888040833E-003, 1.891071252E-003
51.9900, 8.900000000E+000, 4.959333575E-004, 4.541716997E-006, 2.131130451E-003, 4.727439281E+002, -2.533768537E-003, 1.166795939E-002, 2.164887953E-003
52.0900, 9.000000000E+000, -1.969722471E-005, 2.507556886E-006, 1.583526724E-003, 4.731003251E+002, -1.671256381E-003, 8.261554874E-003, 1.565957017E-003
52.1900, 9.100000000E+000, 7.104456690E-004, 3.540370392E-006, 1.881587200E-003, 4.728391705E+002, -2.111506416E-003, 1.067921985E-002, 1.991589451E-003
52.2900, 9.200000000E+000, 2.394313077E-004, 3.803438634E-006, 1.950240661E-003, 4.729617714E+002, -2.662602579E-003, 9.971795604E-003, 1.943256320E-003
52.3900, 9.300000000E+000, 6.585304625E-004, 3.769737206E-006, 1.941581110E-003, 4.727075581E+002, -1.221782877E-003, 1.170837693E-002, 2.029686586E-003
52.4900, 9.400000000E+000, 3.877646768E-004, 3.571958510E-006, 1.889962568E-003, 4.728671682E+002, -2.326588146E-003, 8.305378258E-003, 1.908649548E-003
52.5900, 9.500000000E+000, 8.622878964E-004, 3.451324776E-006, 1.857774146E-003, 4.727010941E+002, -1.789795933E-003, 1.059901807E-002, 2.029327250E-003
52.6900, 9.600000000E+000, 1.295899762E-004, 3.516086380E-006, 1.875123031E-003, 4.731255209E+002, -3.865148174E-003, 8.988612331E-003, 1.858694351E-003
52.7900, 9.700000000E+000, 3.577715939E-005, 4.252118384E-006, 2.062066532E-003, 4.728721955E+002, -2.566033741E-003, 1.015139185E-002, 2.039339812E-003
52.8900, 9.800000000E+000, 4.202627926E-004, 4.130543686E-006, 2.032373904E-003, 4.730812975E+002, -2.516165609E-003, 1.163388416E-002, 2.053137755E-003
52.9900, 9.900000000E+000, 1.077880143E-004, 4.258731339E-006, 2.063669387E-003, 4.732289295E+002, -2.563911723E-003, 1.102008484E-002, 2.043455681E-003
53.0900, 1.000000000E+001, 3.620223632E-004, 3.462031618E-006, 1.860653546E-003, 4.733845391E+002, -1.832653652E-003, 9.961250238E-003, 1.875142067E-003
53.1900, 1.010000000E+001, 2.399357830E-004, 5.137569708E-006, 2.266620769E-003, 4.732509454E+002, -2.399357734E-003, 1.207797043E-002, 2.254100857E-003
53.2900, 1.020000000E+001, 1.638677689E-005, 4.275030096E-006, 2.067614591E-003, 4.731264713E+002, -3.276603529E-003, 1.019964088E-002, 2.044577696E-003
53.3900, 1.030000000E+001, -1.342834109E-004, 4.210342519E-006, 2.051911918E-003, 4.733322142E+002, -2.975136507E-003, 1.082913578E-002, 2.033423563E-003
53.4900, 1.040000000E+001, 2.468723764E-004, 4.474082514E-006, 2.115202712E-003, 4.729017352E+002, -2.728826832E-003, 1.185799297E-002, 2.106087469E-003
53.5900, 1.050000000E+001, -1.401394148E-004, 3.999245711E-006, 1.999811419E-003, 4.729456665E+002, -1.804370200E-003, 1.091643982E-002, 1.982425948E-003
53.6900, 1.060000000E+001, 1.588980218E-004, 3.893426241E-006, 1.973176688E-003, 4.733494736E+002, -2.654063050E-003, 1.044262201E-002, 1.957588884E-003
53.7900, 1.070000000E+001, 1.116559695E-003, 3.189090217E-006, 1.785802401E-003, 4.729314156E+002, -2.469892614E-003, 9.239561856E-003, 2.089240795E-003
53.8900, 1.080000000E+001, 5.068777019E-004, 4.581242659E-006, 2.140383764E-003, 4.730460500E+002, -2.671138849E-003, 1.228723861E-002, 2.176318513E-003
53.9900, 1.090000000E+001, 9.886391368E-004, 4.329003511E-006, 2.080625750E-003, 4.729832808E+002, -2.751394175E-003, 1.214804780E-002, 2.282588613E-003
54.0900, 1.100000000E+001, -1.580274115E-004, 3.824070706E-006, 1.955523128E-003, 4.733411919E+002, -2.663611434E-003, 1.016502641E-002, 1.940119589E-003
54.1900, 1.110000000E+001, 4.218011188E-004, 3.819355589E-006, 1.954317167E-003, 4.731815953E+002, -3.162381472E-003, 1.017236430E-002, 1.977978060E-003
54.2900, 1.120000000E+001, 8.346553169E-004, 3.688846270E-006, 1.920636944E-003, 4.727155473E+002, -2.316483995E-003, 9.932938963E-003, 2.074493048E-003
54.3900, 1.130000000E+001, -1.145986994E-004, 4.423851959E-006, 2.103295500E-003, 4.734930642E+002, -3.207861213E-003, 1.135609951E-002, 2.082949111E-003
54.4900, 1.140000000E+001, 1.289769839E-004, 3.256677072E-006, 1.804626574E-003, 4.731269942E+002, -3.233443713E-003, 8.049787022E-003, 1.789117529E-003
54.5900, 1.150000000E+001, 7.305734371E-004, 3.827228250E-006, 1.956330302E-003, 4.729734490E+002, -3.053445369E-003, 1.041326299E-002, 2.067828881E-003
54.6900, 1.160000000E+001, -4.525991632E-005, 3.133072409E-006, 1.770048703E-003, 4.731225912E+002, -2.677252283E-003, 8.744488470E-003, 1.750856087E-003
54.7900, 1.170000000E+001, 8.229673547E-004, 3.684131361E-006, 1.919409118E-003, 4.732490138E+002, -2.021732042E-003, 1.079834718E-002, 2.068704194E-003
54.8900, 1.180000000E+001, 4.247050230E-004, 4.000548273E-006, 2.000137064E-003, 4.727435188E+002, -2.412072150E-003, 1.073484775E-002, 2.022874578E-003
54.9900, 1.190000000E+001, 5.732588317E-004, 2.886386015E-006, 1.698936731E-003, 4.727908549E+002, -1.943428651E-003, 9.906525724E-003, 1.775068954E-003
55.0900, 1.200000000E+001, 4.820254912E-004, 4.213438777E-006, 2.052666260E-003, 4.731585162E+002, -1.810413785E-003, 1.231216639E-002, 2.086182010E-003
55.1900, 1.210000000E+001, 5.268654918E-004, 4.066733460E-006, 2.016614356E-003, 4.729721481E+002, -1.916011097E-003, 1.133827772E-002, 2.062510328E-003
55.2900, 1.220000000E+001, 3.878591131E-004, 3.358353437E-006, 1.832581086E-003, 4.730113851E+002, -2.841293579E-003, 9.687458165E-003, 1.853148146E-003
55.3900, 1.230000000E+001, 4.491382492E-004, 3.618496354E-006, 1.902234569E-003, 4.730886909E+002, -1.957088243E-003, 1.029951591E-002, 1.933858964E-003
55.4900, 1.240000000E+001, 5.421325022E-004, 3.648553296E-006, 1.910118660E-003, 4.729256054E+002, -2.189121209E-003, 9.849918075E-003, 1.965039944E-003
55.5900, 1.250000000E+001, 1.623698838E-004, 3.769582977E-006, 1.941541392E-003, 4.734087567E+002, -3.202294931E-003, 1.040971372E-002, 1.926701442E-003
55.6900, 1.260000000E+001, 5.941513623E-004, 4.448400357E-006, 2.109123125E-003, 4.733032752E+002, -1.609347761E-003, 1.183343958E-002, 2.168539337E-003
55.7900, 1.270000000E+001, 4.302432635E-004, 3.444289664E-006, 1.855879755E-003, 4.728360782E+002, -2.278951928E-003, 8.649197407E-003, 1.884902958E-003
55.8900, 1.280000000E+001, 7.862255888E-005, 3.203353045E-006, 1.789791341E-003, 4.730709422E+002, -2.415050520E-003, 9.274605662E-003, 1.771538577E-003
55.9900, 1.290000000E+001, 4.976593741E-005, 3.036893262E-006, 1.742668431E-003, 4.732978700E+002, -2.442440251E-003, 9.573553689E-003, 1.723915135E-003
56.0900, 1.300000000E+001, 4.447460415E-004, 2.945601329E-006, 1.716275423E-003, 4.729698835E+002, -2.234251471E-003, 9.507404640E-003, 1.754406613E-003
56.1900, 1.310000000E+001, 8.116222582E-005, 3.182735049E-006, 1.784022155E-003, 4.733158195E+002, -2.245488809E-003, 8.927846327E-003, 1.765954391E-003
56.2900, 1.320000000E+001, 6.749305035E-004, 5.427344793E-006, 2.329666241E-003, 4.733487914E+002, -2.677484881E-003, 1.319810655E-002, 2.400472519E-003
56.3900, 1.330000000E+001, 8.096581904E-004, 4.295197579E-006, 2.072485845E-003, 4.730845060E+002, -2.749952720E-003, 1.096374542E-002, 2.203473424E-003
56.4900, 1.340000000E+001, 2.610818865E-004, 4.314666024E-006, 2.077177418E-003, 4.729601108E+002, -2.202737611E-003, 1.175770350E-002, 2.070494701E-003
56.5900, 1.350000000E+001, -3.307766908E-006, 3.707390591E-006, 1.925458540E-003, 4.730255737E+002, -2.079377184E-003, 1.099228207E-002, 1.903947235E-003
56.6900, 1.360000000E+001, 7.675339650E-004, 3.820025917E-006, 1.954488659E-003, 4.728624841E+002, -2.930092392E-003, 1.024179999E-002, 2.079481868E-003
56.7900, 1.370000000E+001, 5.692559764E-004, 2.971537087E-006, 1.723814690E-003, 4.730303430E+002, -1.478743041E-003, 9.692980908E-003, 1.797096351E-003
56.8900, 1.380000000E+001, 6.203507553E-004, 4.078111124E-006, 2.019433367E-003, 4.725437685E+002, -1.857445575E-003, 1.101843920E-002, 2.091009683E-003
56.9900, 1.390000000E+001, 2.774533748E-004, 3.237261816E-006, 1.799239233E-003, 4.729714401E+002, -1.699890476E-003, 9.852150455E-003, 1.800639620E-003
57.1000, 1.401000000E+001, 9.998609296E-005, 5.122164729E-006, 2.263219991E-003, 4.732547566E+002, -3.475456499E-003, 1.146381907E-002, 2.240164294E-003
57.1900, 1.410000000E+001, -4.092158053E-004, 3.575793832E-006, 1.890976952E-003, 4.735521574E+002, -3.682942130E-003, 9.613561444E-003, 1.914102746E-003
57.2900, 1.420000000E+001, 9.178150509E-004, 3.968195232E-006, 1.992032939E-003, 4.730485301E+002, -2.219793387E-003, 1.089614257E-002, 2.173107817E-003
57.3900, 1.430000000E+001, 8.639354382E-004, 3.913260968E-006, 1.978196393E-003, 4.726721777E+002, -2.258252120E-003, 1.050695777E-002, 2.138383514E-003
57.4900, 1.440000000E+001, 1.294113194E-004, 3.995351957E-006, 1.998837652E-003, 4.728524175E+002, -2.374043688E-003, 1.074745134E-002, 1.980735633E-003
57.5900, 1.450000000E+001, 6.915423394E-004, 4.197719430E-006, 2.048833675E-003, 4.727841201E+002, -3.259355435E-003, 1.104934979E-002, 2.140716605E-003
57.6900, 1.460000000E+001, 4.874320583E-004, 3.075652090E-006, 1.753753714E-003, 4.732970639E+002, -2.396578435E-003, 8.181734011E-003, 1.801359008E-003
57.8000, 1.471000000E+001, 1.184549158E-004, 4.034265823E-006, 2.008548188E-003, 4.731943753E+002, -2.372104675E-003, 1.031820476E-002, 1.989634901E-003
57.8900, 1.480000000E+001, 1.038676696E-004, 3.306355468E-006, 1.818338656E-003, 4.734559459E+002, -3.587268060E-003, 9.075269103E-003, 1.801018988E-003
57.9900, 1.490000000E+001, 3.383530153E-004, 3.825351709E-006, 1.955850636E-003, 4.736518231E+002, -2.649254398E-003, 1.004011091E-002, 1.963371248E-003
58.0900, 1.500000000E+001, 6.448156824E-004, 3.467726449E-006, 1.862183248E-003, 4.730429339E+002, -2.973124618E-003, 8.901341818E-003, 1.951013359E-003
58.1900, 1.510000000E+001, 4.111783363E-004, 3.996240289E-006, 1.999059851E-003, 4.728132606E+002, -2.424223348E-003, 1.037567575E-002, 2.019035060E-003
58.2900, 1.520000000E+001, -1.132474778E-004, 3.574364427E-006, 1.890598960E-003, 4.729260924E+002, -2.334883204E-003, 1.014489774E-002, 1.872901252E-003
58.3900, 1.530000000E+001, 5.145515299E-004, 3.709256485E-006, 1.925943012E-003, 4.731652177E+002, -2.144340426E-003, 1.062699966E-002, 1.972711799E-003
58.4900, 1.540000000E+001, 4.496502921E-004, 3.827805433E-006, 1.956477813E-003, 4.732938240E+002, -2.515757224E-003, 9.738415480E-003, 1.986184401E-003
58.5900, 1.550000000E+001, 8.855074959E-004, 3.616907032E-006, 1.901816771E-003, 4.730046316E+002, -2.131888643E-003, 9.117992595E-003, 2.078618494E-003
58.7000, 1.561000000E+001, 6.059881899E-004, 3.685694062E-006, 1.919816153E-003, 4.732388264E+002, -1.985651907E-003, 1.037452370E-002, 1.992739681E-003
58.8000, 1.571000000E+001, 8.128798596E-004, 3.303476431E-006, 1.817546817E-003, 4.727537854E+002, -1.780522405E-003, 1.025490742E-002, 1.972521105E-003
58.9000, 1.581000000E+001, 2.197422282E-004, 3.456344712E-006, 1.859124717E-003, 4.726854121E+002, -3.097734181E-003, 9.780182503E-003, 1.851438278E-003
58.9900, 1.590000000E+001, 3.374131061E-004, 3.062621977E-006, 1.750034850E-003, 4.726680323E+002, -3.077297704E-003, 8.690829389E-003, 1.763068721E-003
59.1000, 1.601000000E+001, 5.294226402E-004, 4.225270676E-006, 2.055546320E-003, 4.731540912E+002, -2.421634970E-003, 1.091765054E-002, 2.100396178E-003
59.2000, 1.611000000E+001, 3.670154999E-004, 3.341377441E-006, 1.827943500E-003, 4.729877749E+002, -2.114622388E-003, 9.842688218E-003, 1.844403694E-003
59.3000, 1.621000000E+001, 4.765930518E-004, 3.056573789E-006, 1.748305977E-003, 4.730116348E+002, -2.982651815E-003, 9.326704778E-003, 1.793262631E-003
59.4000, 1.631000000E+001, 6.260126598E-004, 4.907214148E-006, 2.215223273E-003, 4.733095632E+002, -2.296281047E-003, 1.254954841E-002, 2.278169615E-003
59.5000, 1.641000000E+001, 1.178813799E-003, 3.559551943E-006, 1.886677488E-003, 4.730421109E+002, -2.262096852E-003, 1.082381792E-002, 2.206819603E-003
59.5900, 1.650000000E+001, 4.600748747E-004, 3.802343695E-006, 1.949959921E-003, 4.729421393E+002, -2.365004271E-003, 1.053993776E-002, 1.982300698E-003
59.6900, 1.660000000E+001, -4.614094292E-004, 4.199458594E-006, 2.049258059E-003, 4.733293206E+002, -3.278910415E-003, 1.099213585E-002, 2.078229042E-003
59.8000, 1.671000000E+001, -8.074028818E-005, 3.675605415E-006, 1.917186849E-003, 4.728338766E+002, -2.821399365E-003, 8.870154619E-003, 1.897483673E-003
59.9000, 1.681000000E+001, 5.700035247E-004, 2.936907280E-006, 1.713740727E-003, 4.731360281E+002, -2.878570231E-003, 8.644727990E-003, 1.787888893E-003
00.0000, 1.691000000E+001, -1.536687183E-004, 3.444498962E-006, 1.855936142E-003, 4.732987908E+002, -2.918503014E-003, 9.260721505E-003, 1.841621192E-003
00.1000, 1.701000000E+001, 3.708438924E-004, 3.233622817E-006, 1.798227688E-003, 4.727626952E+002, -3.145483788E-003, 8.029439487E-003, 1.816394705E-003
00.1900, 1.710000000E+001, 7.297931773E-004, 5.090977435E-006, 2.256319444E-003, 4.730689336E+002, -1.857546042E-003, 1.204699744E-002, 2.347433212E-003
00.2900, 1.720000000E+001, -4.720859902E-005, 2.907275402E-006, 1.705073430E-003, 4.728029696E+002, -2.710736124E-003, 8.438914083E-003, 1.686682523E-003
00.4000, 1.731000000E+001, 5.504225968E-004, 3.842442151E-006, 1.960214823E-003, 4.729014543E+002, -2.610824769E-003, 9.807502851E-003, 2.014949027E-003
00.5000, 1.741000000E+001, 4.595711232E-004, 4.147347025E-006, 2.036503627E-003, 4.730583080E+002, -2.412072150E-003, 1.022087410E-002, 2.065523995E-003
00.6000, 1.751000000E+001, -1.488407769E-005, 3.736731983E-006, 1.933062850E-003, 4.730651806E+002, -3.186544869E-003, 9.153705090E-003, 1.911521653E-003
00.7000, 1.761000000E+001, -1.849049593E-005, 3.840555952E-006, 1.959733643E-003, 4.736740068E+002, -3.384663258E-003, 1.011791080E-002, 1.937924705E-003
00.8000, 1.771000000E+001, 4.054393213E-004, 3.574973821E-006, 1.890760117E-003, 4.725969478E+002, -2.015174599E-003, 9.345541708E-003, 1.913089387E-003
00.9000, 1.781000000E+001, 1.145320526E-003, 2.927410265E-006, 1.710967640E-003, 4.727244962E+002, -1.831761794E-003, 9.496772662E-003, 2.043065298E-003
01.0000, 1.791000000E+001, 1.086875604E-004, 2.827160171E-006, 1.681416121E-003, 4.729624593E+002, -2.135417424E-003, 8.444707841E-003, 1.666177474E-003
01.1000, 1.801000000E+001, -2.455928939E-004, 2.574403094E-006, 1.604494654E-003, 4.732581070E+002, -2.461192897E-003, 7.825735956E-003, 1.605462552E-003
01.2000, 1.811000000E+001, 1.736436096E-004, 3.534524163E-006, 1.880033022E-003, 4.730291364E+002, -2.676817589E-003, 9.581970051E-003, 1.867118444E-003
01.3000, 1.821000000E+001, 4.036760696E-004, 3.564978640E-006, 1.888115102E-003, 4.733427214E+002, -2.709709341E-003, 9.896526113E-003, 1.910160009E-003
01.4000, 1.831000000E+001, 4.539522362E-004, 4.321217553E-006, 2.078753846E-003, 4.731716966E+002, -3.175862599E-003, 1.015870273E-002, 2.105056562E-003
01.5000, 1.841000000E+001, -1.172484956E-005, 3.680321275E-006, 1.918416345E-003, 4.728657094E+002, -2.394577721E-003, 1.016004477E-002, 1.897017087E-003
01.6000, 1.851000000E+001, 5.989054333E-004, 4.666940670E-006, 2.160310318E-003, 4.724472595E+002, -2.608282026E-003, 1.237863116E-002, 2.218539744E-003
01.7000, 1.861000000E+001, 1.514000040E-004, 3.918088191E-006, 1.979416124E-003, 4.728874169E+002, -3.452731762E-003, 1.091748849E-002, 1.963145824E-003
01.8000, 1.871000000E+001, 6.417986608E-004, 3.936013182E-006, 1.983938805E-003, 4.727272431E+002, -2.035392914E-003, 1.121832803E-002, 2.064086176E-003
01.9000, 1.881000000E+001, 4.556025734E-005, 3.810191383E-006, 1.951971153E-003, 4.734057667E+002, -2.478747861E-003, 9.890181944E-003, 1.930698371E-003
02.0000, 1.891000000E+001, 1.155076102E-003, 3.937426361E-006, 1.984294928E-003, 4.724400338E+002, -1.743879518E-003, 1.155827101E-002, 2.276868200E-003
02.1000, 1.901000000E+001, -8.917059103E-005, 4.133796560E-006, 2.033174011E-003, 4.727203486E+002, -3.182623070E-003, 9.322310798E-003, 2.012432808E-003
02.2000, 1.911000000E+001, 3.497326018E-004, 3.678740439E-006, 1.918004285E-003, 4.730854590E+002, -2.630884759E-003, 9.326453321E-003, 1.928549596E-003
02.3000, 1.921000000E+001, 4.411467434E-004, 3.073938396E-006, 1.753265067E-003, 4.729096240E+002, -1.630063518E-003, 9.110770188E-003, 1.788921212E-003
02.4000, 1.931000000E+001, 4.608956297E-004, 3.923878331E-006, 1.980878172E-003, 4.728318711E+002, -2.107616980E-003, 1.103850268E-002, 2.012239006E-003
02.5000, 1.941000000E+001, -1.157552793E-005, 4.698611389E-006, 2.167628056E-003, 4.730062221E+002, -3.398238914E-003, 1.013157703E-002, 2.143439245E-003
02.6000, 1.951000000E+001, 4.259202940E-004, 3.640710318E-006, 1.908064548E-003, 4.729835975E+002, -2.116080141E-003, 1.002602838E-002, 1.934221740E-003
02.7000, 1.961000000E+001, 8.646232568E-005, 3.871232320E-006, 1.967544744E-003, 4.725557550E+002, -2.541992581E-003, 1.012511458E-002, 1.947480595E-003
02.8000, 1.971000000E+001, 4.294909147E-004, 2.522042323E-006, 1.588093928E-003, 4.734014999E+002, -2.033244120E-003, 8.272734471E-003, 1.628023152E-003
02.9000, 1.981000000E+001, 2.540909372E-005, 4.476524537E-006, 2.115779889E-003, 4.730296678E+002, -3.466309980E-003, 1.109354571E-002, 2.092293439E-003
03.0000, 1.991000000E+001, 5.688064082E-004, 3.764805113E-006, 1.940310571E-003, 4.732009550E+002, -2.373658586E-003, 1.085390802E-002, 2.001170534E-003
03.1000, 2.001000000E+001, 4.198241903E-004, 3.845947244E-006, 1.961108677E-003, 4.729548258E+002, -2.220874419E-003, 9.981534444E-003, 1.984120485E-003
03.2000, 2.011000000E+001, -3.445846025E-004, 3.256982233E-006, 1.804711122E-003, 4.729189249E+002, -3.855707590E-003, 8.679290302E-003, 1.817510220E-003
03.3000, 2.021000000E+001, 1.304984361E-004, 3.347374023E-006, 1.829583019E-003, 4.727684209E+002, -2.426549559E-003, 8.100525476E-003, 1.813840615E-003
03.4000, 2.031000000E+001, 5.623253942E-004, 3.191214980E-006, 1.786397207E-003, 4.729491420E+002, -3.015999682E-003, 7.479138207E-003, 1.853782334E-003
03.5000, 2.041000000E+001, 5.830868805E-004, 3.514528690E-006, 1.874707628E-003, 4.727983978E+002, -2.380437218E-003, 9.981606156E-003, 1.943300893E-003
03.6000, 2.051000000E+001, 4.366237821E-004, 3.866065733E-006, 1.966231353E-003, 4.731303362E+002, -2.924101893E-003, 9.601965547E-003, 1.992684995E-003
03.7000, 2.061000000E+001, -8.088682314E-005, 3.743276036E-006, 1.934754774E-003, 4.729691766E+002, -2.070281422E-003, 1.113621891E-002, 1.914845895E-003
03.8000, 2.071000000E+001, 3.443717159E-004, 3.313254766E-006, 1.820234811E-003, 4.728320691E+002, -2.775566885E-003, 1.013048086E-002, 1.832544341E-003
03.9000, 2.081000000E+001, 3.610037854E-004, 2.938102019E-006, 1.714089268E-003, 4.731214112E+002, -2.439255361E-003, 9.247528389E-003, 1.732955451E-003
04.0000, 2.091000000E+001, 3.553935914E-004, 3.444502430E-006, 1.855937076E-003, 4.732526196E+002, -2.534659812E-003, 9.859015234E-003, 1.869294663E-003
04.1000, 2.101000000E+001, -3.457785062E-004, 3.700073544E-006, 1.923557523E-003, 4.726613744E+002, -2.799768001E-003, 1.005976275E-002, 1.933238853E-003
04.2000, 2.111000000E+001, 3.631258871E-004, 3.632484998E-006, 1.905907920E-003, 4.725216044E+002, -1.704407157E-003, 1.133565977E-002, 1.919276822E-003
04.3000, 2.121000000E+001, 3.277525170E-004, 4.351951501E-006, 2.086133146E-003, 4.727621884E+002, -2.462654142E-003, 1.220502239E-002, 2.088698920E-003
04.4000, 2.131000000E+001, 8.177672757E-005, 3.371517833E-006, 1.836169337E-003, 4.729314475E+002, -1.921151648E-003, 1.039045397E-002, 1.817493507E-003
04.5000, 2.141000000E+001, 2.840870558E-004, 4.619959147E-006, 2.149409023E-003, 4.727986207E+002, -3.828411456E-003, 1.102528349E-002, 2.144294486E-003
04.6000, 2.151000000E+001, 3.149781489E-004, 4.634910696E-006, 2.152884274E-003, 4.733645355E+002, -2.586729825E-003, 1.183761563E-002, 2.152004627E-003
04.7000, 2.161000000E+001, 1.225234966E-003, 3.855606272E-006, 1.963569778E-003, 4.728300368E+002, -1.041314448E-003, 1.145445928E-002, 2.295893476E-003
04.8000, 2.171000000E+001, 5.048899540E-004, 4.097001082E-006, 2.024105008E-003, 4.731775172E+002, -2.468835097E-003, 1.103197318E-002, 2.064187607E-003
04.9000, 2.181000000E+001, 6.662069136E-004, 3.602737648E-006, 1.898087893E-003, 4.727125539E+002, -1.744398265E-003, 1.015537325E-002, 1.991609516E-003
05.0000, 2.191000000E+001, 7.272432118E-004, 2.908397642E-006, 1.705402487E-003, 4.731934084E+002, -2.729980042E-003, 7.820231840E-003, 1.836477409E-003
05.1000, 2.201000000E+001, 1.000765477E-003, 4.493543053E-006, 2.119797880E-003, 4.728220678E+002, -2.346037189E-003, 1.271727867E-002, 2.322760875E-003
05.2000, 2.211000000E+001, 5.027724715E-004, 2.876908473E-006, 1.696145181E-003, 4.730591147E+002, -1.605744590E-003, 9.733699262E-003, 1.750930419E-003
05.3000, 2.221000000E+001, 1.175768265E-004, 3.534833507E-006, 1.880115291E-003, 4.729418897E+002, -2.656755270E-003, 9.846683592E-003, 1.862822042E-003
05.4000, 2.231000000E+001, 8.071880317E-005, 3.264429199E-006, 1.806773145E-003, 4.725924478E+002, -2.608705545E-003, 9.404417127E-003, 1.788407630E-003
05.5000, 2.241000000E+001, 8.464110433E-005, 4.466669677E-006, 2.113449710E-003, 4.730416202E+002, -2.532467712E-003, 1.121457014E-002, 2.091548342E-003
05.6000, 2.251000000E+001, 8.831693105E-004, 3.506889528E-006, 1.872669092E-003, 4.727295572E+002, -2.271006815E-003, 9.841029532E-003, 2.051571759E-003
05.7000, 2.261000000E+001, -2.696632008E-004, 2.394389249E-006, 1.547381417E-003, 4.728529356E+002, -2.244686708E-003, 7.284515537E-003, 1.553672694E-003
05.8000, 2.271000000E+001, 5.988676387E-004, 3.922627188E-006, 1.980562341E-003, 4.730945186E+002, -2.274494851E-003, 9.600667283E-003, 2.047950230E-003
05.9000, 2.281000000E+001, 4.496746370E-004, 3.021594455E-006, 1.738273412E-003, 4.731072919E+002, -3.111050930E-003, 8.765048347E-003, 1.776697833E-003
06.0000, 2.291000000E+001, 3.832824223E-005, 4.897219184E-006, 2.212966151E-003, 4.726786246E+002, -2.748361556E-003, 1.248373836E-002, 2.188575141E-003
06.1000, 2.301000000E+001, 3.758443183E-005, 2.784404671E-006, 1.668653550E-003, 4.733973730E+002, -2.331738360E-003, 8.682004176E-003, 1.650436791E-003
06.2000, 2.311000000E+001, -1.667294367E-004, 3.776017717E-006, 1.943197807E-003, 4.739137094E+002, -2.794108586E-003, 9.031804278E-003, 1.928705503E-003
06.3000, 2.321000000E+001, 1.043569803E-004, 3.262300434E-006, 1.806183942E-003, 4.726490273E+002, -3.306642640E-003, 9.550017305E-003, 1.789048699E-003
06.4000, 2.331000000E+001, 4.391086140E-004, 4.141990562E-006, 2.035188090E-003, 4.733399977E+002, -1.925044926E-003, 1.154576149E-002, 2.059796762E-003
06.5000, 2.341000000E+001, 7.302818916E-004, 3.353930778E-006, 1.831374014E-003, 4.731714978E+002, -1.909494051E-003, 9.669208899E-003, 1.952616354E-003
06.6000, 2.351000000E+001, -6.074110279E-005, 4.452557072E-006, 2.110108308E-003, 4.726185090E+002, -2.192092128E-003, 1.152878162E-002, 2.087414870E-003
06.7000, 2.361000000E+001, 4.173777610E-004, 3.316537662E-006, 1.821136365E-003, 4.730719776E+002, -1.850920846E-003, 9.998579510E-003, 1.848524011E-003
06.8000, 2.371000000E+001, 3.466319110E-004, 3.547949403E-006, 1.883600118E-003, 4.733125830E+002, -2.520822687E-003, 8.978458121E-003, 1.894534181E-003
06.9000, 2.381000000E+001, -7.230218503E-005, 3.095199400E-006, 1.759317879E-003, 4.729877956E+002, -2.351699630E-003, 8.471079171E-003, 1.741161910E-003
07.0000, 2.391000000E+001, -3.000340640E-004, 3.893833066E-006, 1.973279774E-003, 4.727087223E+002, -3.783136373E-003, 9.698093869E-003, 1.974164097E-003
07.1000, 2.401000000E+001, 5.238552528E-004, 2.848927637E-006, 1.687876665E-003, 4.728983099E+002, -1.798780053E-003, 9.020949714E-003, 1.749297705E-003
07.2000, 2.411000000E+001, 5.314892650E-004, 2.997876125E-006, 1.731437589E-003, 4.724298420E+002, -1.661185757E-003, 9.239077568E-003, 1.792690016E-003
07.3000, 2.421000000E+001, 2.229131712E-004, 4.412462609E-006, 2.100586254E-003, 4.728844769E+002, -3.731503151E-003, 1.125764102E-002, 2.089042404E-003
07.4000, 2.431000000E+001, 5.126331797E-004, 4.172064014E-006, 2.042563099E-003, 4.727209993E+002, -1.673198654E-003, 1.142375264E-002, 2.083781240E-003
07.5000, 2.441000000E+001, 1.876104837E-004, 4.031376668E-006, 2.007828844E-003, 4.730135390E+002, -2.462387783E-003, 1.117545180E-002, 1.994238755E-003
07.6000, 2.451000000E+001, 4.430697390E-004, 2.836329269E-006, 1.684140513E-003, 4.727214506E+002, -1.722380985E-003, 8.936542086E-003, 1.723255792E-003
07.7000, 2.461000000E+001, 1.758586557E-004, 3.383723123E-006, 1.839489908E-003, 4.725334227E+002, -1.988555770E-003, 9.969833307E-003, 1.827417725E-003
07.8000, 2.471000000E+001, 2.278739815E-004, 3.728107193E-006, 1.930830700E-003, 4.733853147E+002, -2.435064875E-003, 1.084956713E-002, 1.922807041E-003
07.9000, 2.481000000E+001, 1.124622637E-004, 3.933006433E-006, 1.983180888E-003, 4.733851636E+002, -2.742395271E-003, 9.679572657E-003, 1.964243888E-003
08.0000, 2.491000000E+001, 2.258113456E-004, 3.641535249E-006, 1.908280705E-003, 4.727131047E+002, -2.674556570E-003, 8.609997109E-003, 1.900421797E-003
08.1000, 2.501000000E+001, -5.503352719E-005, 3.488992882E-006, 1.867884601E-003, 4.727913820E+002, -2.810319187E-003, 8.909118362E-003, 1.847833433E-003
08.2000, 2.511000000E+001, 7.518192029E-007, 4.674414870E-006, 2.162039516E-003, 4.733958137E+002, -3.051647916E-003, 1.145552099E-002, 2.137882024E-003
08.3000, 2.521000000E+001, 2.155687544E-004, 3.353973884E-006, 1.831385782E-003, 4.729972470E+002, -2.692354610E-003, 9.348829277E-003, 1.823708041E-003
08.4000, 2.531000000E+001, -4.108542493E-004, 4.799526089E-006, 2.190782072E-003, 4.733245874E+002, -2.896432299E-003, 1.220832672E-002, 2.204919764E-003
08.5000, 2.541000000E+001, 2.693796956E-004, 4.044992832E-006, 2.011216754E-003, 4.728042400E+002, -2.750919899E-003, 9.695865214E-003, 2.006905459E-003
08.6000, 2.551000000E+001, 3.098202172E-004, 3.683538574E-006, 1.919254692E-003, 4.733957977E+002, -2.356347395E-003, 1.017175429E-002, 1.922932846E-003
08.7000, 2.561000000E+001, 3.401260752E-004, 3.327279926E-006, 1.824083311E-003, 4.729762150E+002, -2.396513708E-003, 9.480093606E-003, 1.835490702E-003
08.8000, 2.571000000E+001, 6.806063167E-004, 3.161271910E-006, 1.777996600E-003, 4.736681736E+002, -1.437837258E-003, 9.487922303E-003, 1.885270904E-003
08.9000, 2.581000000E+001, 5.216916795E-004, 3.186699700E-006, 1.785132964E-003, 4.729278257E+002, -1.918580965E-003, 9.579377249E-003, 1.840664652E-003
09.0000, 2.591000000E+001, 8.842011923E-004, 3.690025487E-006, 1.920943905E-003, 4.725877600E+002, -1.561813289E-003, 1.052702777E-002, 2.095193707E-003
09.1000, 2.601000000E+001, 1.248197278E-004, 3.765815828E-006, 1.940571006E-003, 4.729886447E+002, -2.269312739E-003, 1.085931621E-002, 1.922943316E-003
09.2000, 2.611000000E+001, -2.226908737E-004, 3.813237505E-006, 1.952751265E-003, 4.729735713E+002, -2.893778263E-003, 9.394065477E-003, 1.943730979E-003
09.3000, 2.621000000E+001, 7.643633740E-004, 4.193949551E-006, 2.047913463E-003, 4.730204386E+002, -1.874853508E-003, 1.102377847E-002, 2.164486553E-003
09.4000, 2.631000000E+001, 2.789827976E-004, 2.800715721E-006, 1.673533902E-003, 4.726619591E+002, -2.444105688E-003, 8.730237372E-003, 1.678186222E-003
09.5000, 2.641000000E+001, 1.612829411E-004, 4.104773211E-006, 2.026023991E-003, 4.726591329E+002, -2.852137433E-003, 1.075695548E-002, 2.009867711E-003
09.6000, 2.651000000E+001, 8.697664507E-004, 4.214015900E-006, 2.052806835E-003, 4.723572708E+002, -2.317173174E-003, 1.199159678E-002, 2.208362466E-003
09.7000, 2.661000000E+001, 6.242270403E-004, 3.383228567E-006, 1.839355476E-003, 4.732432452E+002, -3.322498873E-003, 9.336357005E-003, 1.922941785E-003
09.8000, 2.671000000E+001, 5.759149680E-004, 4.514131156E-006, 2.124648478E-003, 4.731788930E+002, -3.670105245E-003, 1.088407170E-002, 2.178415750E-003
09.9000, 2.681000000E+001, 1.939129329E-004, 4.272954318E-006, 2.067112556E-003, 4.729860257E+002, -3.945902921E-003, 9.934655391E-003, 2.053193124E-003
10.0000, 2.691000000E+001, 1.622147684E-004, 4.071935636E-006, 2.017903773E-003, 4.725874448E+002, -3.687041346E-003, 9.031559341E-003, 2.001939512E-003
10.1000, 2.701000000E+001, 7.477332010E-004, 3.161110781E-006, 1.777951288E-003, 4.729219137E+002, -1.514700707E-003, 1.076519396E-002, 1.910489156E-003
10.2000, 2.711000000E+001, 7.452550079E-004, 3.645611452E-006, 1.909348437E-003, 4.728759302E+002, -2.172658686E-003, 1.043056510E-002, 2.029779025E-003
10.3000, 2.721000000E+001, 5.275902616E-004, 5.080467603E-006, 2.253989264E-003, 4.729706132E+002, -2.610895317E-003, 1.281097345E-002, 2.290397303E-003
10.4000, 2.731000000E+001, -2.136419717E-004, 3.161475896E-006, 1.778053963E-003, 4.735026273E+002, -3.227181500E-003, 7.002374623E-003, 1.771119355E-003
10.5000, 2.741000000E+001, 8.309029903E-004, 3.120805043E-006, 1.766580042E-003, 4.729690705E+002, -1.230577822E-003, 1.050724182E-002, 1.934387138E-003
10.6000, 2.751000000E+001, 4.080353677E-004, 3.656910029E-006, 1.912304900E-003, 4.731991722E+002, -2.522605471E-003, 1.019186713E-002, 1.934460706E-003
10.7000, 2.761000000E+001, 1.192302967E-003, 3.669454717E-006, 1.915582083E-003, 4.730536999E+002, -2.039248124E-003, 1.096687373E-002, 2.238190708E-003
10.8000, 2.771000000E+001, 8.661716060E-004, 3.798882002E-006, 1.949072087E-003, 4.733422108E+002, -1.480680192E-003, 9.905006737E-003, 2.112987376E-003
10.9000, 2.781000000E+001, -4.570616681E-005, 3.772447118E-006, 1.942278847E-003, 4.732284091E+002, -2.192092128E-003, 1.112283859E-002, 1.921120510E-003
11.0000, 2.791000000E+001, 3.877751535E-004, 4.056085976E-006, 2.013972685E-003, 4.728999197E+002, -2.272542799E-003, 1.076752413E-002, 2.028871682E-003
11.1000, 2.801000000E+001, 5.828301855E-004, 4.448416371E-006, 2.109126922E-003, 4.728046120E+002, -1.737672370E-003, 1.227188855E-002, 2.165468471E-003
11.2000, 2.811000000E+001, 2.858882036E-004, 3.844159038E-006, 1.960652707E-003, 4.733549615E+002, -2.574797720E-003, 9.492029436E-003, 1.959710526E-003
11.3000, 2.821000000E+001, 8.812677589E-004, 4.028400571E-006, 2.007087584E-003, 4.732241816E+002, -1.724219532E-003, 1.128518581E-002, 2.171523295E-003
11.4000, 2.831000000E+001, 3.800798638E-004, 3.487882626E-006, 1.867587381E-003, 4.732223832E+002, -1.980813615E-003, 1.057505701E-002, 1.885426961E-003
11.5000, 2.841000000E+001, 3.066682367E-004, 4.143847924E-006, 2.035644351E-003, 4.726972523E+002, -3.589822212E-003, 1.072436851E-002, 2.036125689E-003
11.6000, 2.851000000E+001, 1.212028275E-004, 3.208485685E-006, 1.791224633E-003, 4.729306894E+002, -2.639093669E-003, 8.621039800E-003, 1.775352396E-003
11.7000, 2.861000000E+001, 6.058623710E-005, 3.253550875E-006, 1.803760204E-003, 4.729315816E+002, -2.956398297E-003, 8.273855783E-003, 1.784634539E-003
11.8000, 2.871000000E+001, 4.335916278E-004, 3.599640857E-006, 1.897271951E-003, 4.727066541E+002, -2.128868829E-003, 1.018429175E-002, 1.925526042E-003
11.9000, 2.881000000E+001, 3.776343712E-004, 3.058326553E-006, 1.748807180E-003, 4.729367581E+002, -1.733391313E-003, 9.708344005E-003, 1.770020186E-003
12.0000, 2.891000000E+001, 4.483833336E-004, 3.939522257E-006, 1.984822979E-003, 4.732506247E+002, -2.100669779E-003, 1.126067247E-002, 2.013212590E-003
12.1000, 2.901000000E+001, 7.872022103E-004, 3.884516704E-006, 1.970917731E-003, 4.729869059E+002, -2.936794655E-003, 9.585715830E-003, 2.101875693E-003
12.2000, 2.911000000E+001, 2.337672718E-004, 3.122243539E-006, 1.766987136E-003, 4.728864801E+002, -2.000175882E-003, 9.392032400E-003, 1.762812380E-003
12.3000, 2.921000000E+001, 9.169224902E-004, 3.458124330E-006, 1.859603272E-003, 4.727412222E+002, -1.582299825E-003, 1.023761556E-002, 2.054756427E-003
12.4000, 2.931000000E+001, 3.488418452E-004, 3.480745251E-006, 1.865675548E-003, 4.734512473E+002, -2.500208560E-003, 9.511614218E-003, 1.877521235E-003
12.5000, 2.941000000E+001, 8.075289214E-004, 3.552191502E-006, 1.884725843E-003, 4.729792954E+002, -1.690491335E-003, 1.026466303E-002, 2.031097455E-003
12.6000, 2.951000000E+001, 5.346392078E-004, 3.208608199E-006, 1.791258831E-003, 4.726334298E+002, -2.175682457E-003, 8.808695711E-003, 1.850174283E-003
12.7000, 2.961000000E+001, 1.968200495E-004, 3.681578316E-006, 1.918743942E-003, 4.729999447E+002, -2.988386899E-003, 9.353087284E-003, 1.907486198E-003
12.8000, 2.971000000E+001, 9.687052655E-004, 2.701733744E-006, 1.643695149E-003, 4.729714515E+002, -2.089320216E-003, 8.377565071E-003, 1.892111283E-003
12.9000, 2.981000000E+001, 2.748062195E-004, 3.381766901E-006, 1.838958102E-003, 4.732481303E+002, -2.345173387E-003, 1.037288271E-002, 1.839058178E-003
13.0000, 2.991000000E+001, 3.046885445E-004, 4.769669521E-006, 2.183957308E-003, 4.725166407E+002, -2.748510102E-003, 1.129391883E-002, 2.180942909E-003
13.1000, 3.001000000E+001, 1.100351921E-003, 3.749014413E-006, 1.936237179E-003, 4.732611916E+002, -2.428704640E-003, 1.008881256E-002, 2.208274741E-003
13.2000, 3.011000000E+001, 2.027484519E-004, 2.853814074E-006, 1.689323555E-003, 4.729650706E+002, -2.157490002E-003, 9.042521007E-003, 1.682707021E-003
13.3000, 3.021000000E+001, 1.346910604E-004, 3.368955208E-006, 1.835471386E-003, 4.729615895E+002, -2.570555080E-003, 8.902237751E-003, 1.819953631E-003
13.4000, 3.031000000E+001, 3.811275755E-004, 4.156879171E-006, 2.038842606E-003, 4.729318042E+002, -2.669095295E-003, 9.882866405E-003, 2.051770530E-003
13.5000, 3.041000000E+001, 7.915186783E-004, 3.296657994E-006, 1.815670122E-003, 4.727389526E+002, -1.262102625E-003, 9.393650107E-003, 1.962116394E-003
13.6000, 3.051000000E+001, 1.047936911E-003, 2.833526202E-006, 1.683308113E-003, 4.727094589E+002, -1.097516739E-003, 9.151982144E-003, 1.966908926E-003
13.7000, 3.061000000E+001, 2.371922869E-004, 3.782540735E-006, 1.944875506E-003, 4.735580445E+002, -2.538769273E-003, 1.090813987E-002, 1.937716299E-003
13.8000, 3.071000000E+001, 6.006276718E-004, 3.509705089E-006, 1.873420692E-003, 4.730613141E+002, -1.769424765E-003, 9.807346389E-003, 1.947425286E-003
13.9000, 3.081000000E+001, 8.317407672E-004, 4.044614474E-006, 2.011122690E-003, 4.727448551E+002, -2.262647497E-003, 1.115097571E-002, 2.155580399E-003
14.0000, 3.091000000E+001, 1.509561167E-004, 3.644174209E-006, 1.908972029E-003, 4.730553083E+002, -2.742469544E-003, 9.733962826E-003, 1.893668479E-003
14.1000, 3.101000000E+001, 7.456529889E-004, 4.134084165E-006, 2.033244738E-003, 4.731436559E+002, -2.195483772E-003, 1.130200736E-002, 2.144344657E-003
14.2000, 3.111000000E+001, 4.801222560E-004, 3.758317560E-006, 1.938638068E-003, 4.729016122E+002, -2.414135961E-003, 1.038010791E-002, 1.976187434E-003
14.3000, 3.121000000E+001, 5.069508514E-004, 4.109422246E-006, 2.027170996E-003, 4.734486817E+002, -2.572328318E-003, 1.068384293E-002, 2.067631717E-003
14.4000, 3.131000000E+001, 4.451919449E-004, 4.120409146E-006, 2.029879096E-003, 4.728466265E+002, -2.466441598E-003, 1.100655179E-002, 2.055976743E-003
14.5000, 3.141000000E+001, 3.261975840E-004, 4.296056519E-006, 2.072693059E-003, 4.732146018E+002, -3.278511111E-003, 1.008807309E-002, 2.075329723E-003
14.6000, 3.151000000E+001, 4.411666293E-004, 3.321788818E-006, 1.822577520E-003, 4.728482652E+002, -2.108130138E-003, 1.012127940E-002, 1.855424287E-003
14.7000, 3.161000000E+001, -1.133485208E-004, 3.071758708E-006, 1.752643349E-003, 4.728994982E+002, -3.413985251E-003, 8.438000455E-003, 1.736762877E-003
14.8000, 3.171000000E+001, 6.155251913E-004, 4.042307679E-006, 2.010549099E-003, 4.728810064E+002, -2.236087574E-003, 1.096404251E-002, 2.081189535E-003
14.9000, 3.181000000E+001, 4.106356521E-004, 2.634070131E-006, 1.622981864E-003, 4.732180401E+002, -2.038147533E-003, 8.134554140E-003, 1.656549691E-003
15.0000, 3.191000000E+001, 1.079882458E-003, 3.241497886E-006, 1.800416031E-003, 4.728939223E+002, -1.640556031E-003, 1.071769837E-002, 2.082212939E-003
15.1000, 3.201000000E+001, 4.715616132E-004, 4.195215210E-006, 2.048222451E-003, 4.728337456E+002, -1.770047238E-003, 1.148839574E-002, 2.079509211E-003
15.2000, 3.211000000E+001, 6.352727557E-004, 3.254558515E-006, 1.804039499E-003, 4.729980396E+002, -1.873355708E-003, 1.067880448E-002, 1.893622578E-003
15.3000, 3.221000000E+001, 1.073907357E-003, 3.813476139E-006, 1.952812366E-003, 4.727714760E+002, -1.365289208E-003, 1.144950464E-002, 2.209526926E-003
15.4000, 3.231000000E+001, 3.142512090E-004, 4.213035488E-006, 2.052568023E-003, 4.734951766E+002, -1.962190727E-003, 1.097473502E-002, 2.053817494E-003
15.5000, 3.241000000E+001, 1.048625675E-003, 2.816612880E-006, 1.678276759E-003, 4.731278818E+002, -1.705650240E-003, 9.677368216E-003, 1.963068335E-003
15.6000, 3.251000000E+001, 8.019598223E-004, 3.243804513E-006, 1.801056499E-003, 4.731781522E+002, -1.839578035E-003, 9.738942608E-003, 1.953166538E-003
15.7000, 3.261000000E+001, 2.181621951E-004, 2.423843889E-006, 1.556869901E-003, 4.729515667E+002, -1.756874728E-003, 8.040126413E-003, 1.554855439E-003
15.8000, 3.271000000E+001, 4.344251101E-004, 5.053063507E-006, 2.247902024E-003, 4.732316970E+002, -3.918845206E-003, 1.193691976E-002, 2.264839593E-003
15.9000, 3.281000000E+001, 6.930044471E-004, 3.228952429E-006, 1.796928610E-003, 4.733341103E+002, -2.199823270E-003, 9.836095385E-003, 1.907210815E-003
16.0000, 3.291000000E+001, -2.359314988E-004, 3.900153039E-006, 1.974880512E-003, 4.726841010E+002, -2.848771401E-003, 1.060338505E-002, 1.967014653E-003
16.1000, 3.301000000E+001, 3.677810628E-004, 3.328522349E-006, 1.824423840E-003, 4.726444534E+002, -1.747223083E-003, 1.018349268E-002, 1.841145865E-003
16.2000, 3.311000000E+001, 3.183952196E-004, 4.319758276E-006, 2.078402819E-003, 4.724965203E+002, -2.620221348E-003, 1.028696168E-002, 2.079696892E-003
16.3000, 3.321000000E+001, 2.858856431E-004, 3.454701513E-006, 1.858682736E-003, 4.730319676E+002, -2.782199299E-003, 9.473907761E-003, 1.860016390E-003
16.4000, 3.331000000E+001, 5.908473136E-005, 4.018773692E-006, 2.004687929E-003, 4.730789230E+002, -4.097593483E-003, 8.973211050E-003, 1.983168832E-003
16.5000, 3.341000000E+001, 3.573100843E-004, 3.774132829E-006, 1.942712750E-003, 4.733308417E+002, -3.023682162E-003, 9.991003200E-003, 1.953953353E-003
16.6000, 3.351000000E+001, 1.257021899E-004, 4.185578125E-006, 2.045868550E-003, 4.729935544E+002, -3.464328358E-003, 9.499837644E-003, 2.026910535E-003
16.7000, 3.361000000E+001, 6.808088550E-004, 3.783030960E-006, 1.945001532E-003, 4.726247650E+002, -1.627629157E-003, 1.008589007E-002, 2.040211828E-003
16.8000, 3.371000000E+001, 3.113557609E-004, 4.392681641E-006, 2.095872525E-003, 4.728957867E+002, -2.568572294E-003, 1.201749034E-002, 2.095712028E-003
16.9000, 3.381000000E+001, 1.579924931E-004, 4.004702692E-006, 2.001175328E-003, 4.727681433E+002, -3.443214111E-003, 1.057317015E-002, 1.985112321E-003
17.0000, 3.391000000E+001, 2.762360256E-004, 4.508017590E-006, 2.123209267E-003, 4.731244185E+002, -3.485263092E-003, 1.020329911E-002, 2.117580167E-003
17.1000, 3.401000000E+001, 1.701738624E-004, 3.556605042E-006, 1.885896350E-003, 4.729744491E+002, -2.714964794E-003, 9.434727952E-003, 1.872572700E-003
17.2000, 3.411000000E+001, 4.187918146E-004, 3.429518973E-006, 1.851896048E-003, 4.728857962E+002, -2.674194751E-003, 9.177042171E-003, 1.878481840E-003
17.3000, 3.421000000E+001, -6.736618428E-005, 3.586192382E-006, 1.893724474E-003, 4.728371398E+002, -4.475039896E-003, 8.598212153E-003, 1.873776246E-003
17.4000, 3.431000000E+001, 5.212748663E-004, 3.261110028E-006, 1.805854376E-003, 4.732296911E+002, -3.093378618E-003, 8.892335929E-003, 1.860206548E-003
17.5000, 3.441000000E+001, 8.554386695E-004, 3.799338398E-006, 1.949189164E-003, 4.730297888E+002, -1.471811323E-003, 1.161896996E-002, 2.108716191E-003
17.6000, 3.451000000E+001, 1.199884326E-003, 3.729956811E-006, 1.931309610E-003, 4.730130177E+002, -1.557130483E-003, 1.123342291E-002, 2.255391602E-003
17.7000, 3.461000000E+001, 8.221510353E-004, 3.113102602E-006, 1.764398652E-003, 4.725605801E+002, -1.449396252E-003, 1.026298758E-002, 1.928692528E-003
17.8000, 3.471000000E+001, -4.511307149E-006, 3.306438653E-006, 1.818361530E-003, 4.726711076E+002, -2.377461409E-003, 9.072248824E-003, 1.798049663E-003
17.9000, 3.481000000E+001, 7.085230200E-004, 3.457351721E-006, 1.859395526E-003, 4.732388092E+002, -1.559471712E-003, 1.012304518E-002, 1.970412787E-003
18.0000, 3.491000000E+001, 3.437766810E-004, 4.079878912E-006, 2.019871014E-003, 4.731269549E+002, -3.118341323E-003, 1.032908354E-002, 2.026671494E-003
18.1000, 3.501000000E+001, -1.898915545E-004, 4.765154223E-006, 2.182923320E-003, 4.734586459E+002, -3.033303190E-003, 1.131004840E-002, 2.166868872E-003
18.2000, 3.511000000E+001, 1.713548788E-004, 4.095568932E-006, 2.023751203E-003, 4.728732944E+002, -2.236632165E-003, 1.029031165E-002, 2.008461795E-003
18.3000, 3.521000000E+001, 5.107140224E-004, 4.312285499E-006, 2.076604319E-003, 4.732228883E+002, -3.963369410E-003, 1.083501335E-002, 2.115959769E-003
18.4000, 3.531000000E+001, -1.721277738E-004, 3.924289631E-006, 1.980981987E-003, 4.733233145E+002, -3.037416376E-003, 8.976952173E-003, 1.966395475E-003
18.5000, 3.541000000E+001, 3.362926120E-004, 3.435767426E-006, 1.853582323E-003, 4.728152617E+002, -2.455672715E-003, 9.694157168E-003, 1.863467134E-003
18.6000, 3.551000000E+001, 1.885575294E-004, 3.683385072E-006, 1.919214702E-003, 4.726805522E+002, -2.837384818E-003, 9.964679368E-003, 1.907114578E-003
18.7000, 3.561000000E+001, 8.098455642E-004, 5.004485688E-006, 2.237070783E-003, 4.729585794E+002, -2.501656534E-003, 1.131830551E-002, 2.355658025E-003
18.8000, 3.571000000E+001, 8.473054723E-004, 4.682395738E-006, 2.163884409E-003, 4.734219159E+002, -2.098354511E-003, 1.215512957E-002, 2.301362436E-003
18.9000, 3.581000000E+001, 3.508028224E-004, 4.403310174E-006, 2.098406580E-003, 4.732992256E+002, -2.141791163E-003, 1.141236443E-002, 2.104405250E-003
19.0000, 3.591000000E+001, 4.324387579E-004, 4.717890398E-006, 2.172070532E-003, 4.731991924E+002, -1.896147034E-003, 1.214571204E-002, 2.190902022E-003
19.1000, 3.601000000E+001, 8.786576665E-004, 4.354959530E-006, 2.086853979E-003, 4.729381089E+002, -2.030271571E-003, 1.130056847E-002, 2.242815629E-003
19.2000, 3.611000000E+001, 7.804881021E-004, 3.878039537E-006, 1.969273860E-003, 4.728316487E+002, -1.888859319E-003, 1.104013529E-002, 2.097861425E-003
19.3000, 3.621000000E+001, 5.247484716E-005, 3.081432167E-006, 1.755400857E-003, 4.725943004E+002, -2.979338635E-003, 9.470282122E-003, 1.736579830E-003
19.4000, 3.631000000E+001, 5.708923001E-004, 3.492583802E-006, 1.868845580E-003, 4.726179648E+002, -2.883013571E-003, 1.042528357E-002, 1.934137753E-003
19.5000, 3.641000000E+001, 1.014520846E-003, 3.982113634E-006, 1.995523399E-003, 4.725917731E+002, -2.077409299E-003, 1.141448598E-002, 2.218755229E-003
19.6000, 3.651000000E+001, 5.266052919E-004, 3.122772916E-006, 1.767136926E-003, 4.733280294E+002, -3.237179713E-003, 8.719645441E-003, 1.825018108E-003
19.7000, 3.661000000E+001, -1.007499089E-004, 2.961831097E-006, 1.720997123E-003, 4.727916087E+002, -3.054075642E-003, 8.287056349E-003, 1.704747246E-003
19.8000, 3.671000000E+001, 6.107134032E-004, 3.471629845E-006, 1.863231023E-003, 4.730728411E+002, -2.072036499E-003, 9.643198922E-003, 1.940992884E-003
19.9000, 3.681000000E+001, 6.468581387E-004, 2.841778017E-006, 1.685757402E-003, 4.725698131E+002, -1.325578196E-003, 9.603679180E-003, 1.788030438E-003
20.0000, 3.691000000E+001, 5.846661261E-004, 4.649220074E-006, 2.156205017E-003, 4.731716491E+002, -2.376239514E-003, 1.142127998E-002, 2.210823048E-003
20.1000, 3.701000000E+001, 4.626780784E-004, 4.847762530E-006, 2.201763504E-003, 4.728700093E+002, -3.090280807E-003, 1.075850520E-002, 2.225781992E-003
20.2000, 3.711000000E+001, 5.306857736E-004, 4.417623831E-006, 2.101814414E-003, 4.728691180E+002, -2.955518430E-003, 1.143657137E-002, 2.145013241E-003
20.3000, 3.721000000E+001, 6.129279944E-004, 3.503391937E-006, 1.871735007E-003, 4.732809974E+002, -2.060628496E-003, 1.024903357E-002, 1.949671641E-003
20.4000, 3.731000000E+001, -4.298242221E-004, 3.731260879E-006, 1.931647193E-003, 4.733471854E+002, -3.839542391E-003, 8.964947425E-003, 1.957828601E-003
20.5000, 3.741000000E+001, 3.117273499E-004, 3.655772662E-006, 1.912007495E-003, 4.728371583E+002, -2.340209670E-003, 1.037538052E-002, 1.916169933E-003
20.6000, 3.751000000E+001, 8.569694304E-006, 3.183126739E-006, 1.784131929E-003, 4.732054575E+002, -3.006158862E-003, 8.089341223E-003, 1.764217682E-003
20.7000, 3.761000000E+001, 3.759090663E-004, 4.297467784E-006, 2.073033474E-003, 4.731361523E+002, -1.914115041E-003, 1.107210759E-002, 2.084052813E-003
20.8000, 3.771000000E+001, -1.939794115E-004, 3.280958000E-006, 1.811341492E-003, 4.732030977E+002, -2.422487130E-003, 9.080943651E-003, 1.801575931E-003
20.9000, 3.781000000E+001, -1.604331578E-004, 4.677897670E-006, 2.162844809E-003, 4.737215057E+002, -2.663611434E-003, 1.113935374E-002, 2.144687200E-003
21.0000, 3.791000000E+001, 4.766255244E-005, 3.296123563E-006, 1.815522945E-003, 4.728175579E+002, -3.475456499E-003, 9.109259583E-003, 1.795869731E-003
21.1000, 3.801000000E+001, 1.228023955E-004, 3.389961790E-006, 1.841184888E-003, 4.727766671E+002, -2.680759644E-003, 8.493205532E-003, 1.824749225E-003
21.2000, 3.811000000E+001, 8.113078180E-004, 3.766383625E-006, 1.940717296E-003, 4.730669681E+002, -1.992211444E-003, 1.042079832E-002, 2.083484242E-003
21.3000, 3.821000000E+001, 7.852258463E-004, 3.311608579E-006, 1.819782564E-003, 4.723222577E+002, -2.231267514E-003, 9.966327809E-003, 1.963312738E-003
21.4000, 3.831000000E+001, 6.409187271E-004, 3.013369841E-006, 1.735906058E-003, 4.732569521E+002, -1.861458761E-003, 9.685895406E-003, 1.832261685E-003
21.5000, 3.841000000E+001, 3.095265426E-004, 3.948612075E-006, 1.987111490E-003, 4.728261740E+002, -2.974251052E-003, 9.905901738E-003, 1.989138462E-003
21.6000, 3.851000000E+001, 7.626767700E-004, 2.772962338E-006, 1.665221408E-003, 4.730633528E+002, -2.495418303E-003, 8.974038064E-003, 1.814667134E-003
21.7000, 3.861000000E+001, 5.280724442E-004, 3.247211374E-006, 1.802002046E-003, 4.733038236E+002, -1.708646421E-003, 9.084228426E-003, 1.858470238E-003
21.8000, 3.871000000E+001, 1.166929151E-003, 3.250626868E-006, 1.802949491E-003, 4.730424513E+002, -1.786667854E-003, 1.008239388E-002, 2.130754411E-003
21.9000, 3.881000000E+001, 5.088416118E-004, 3.755638946E-006, 1.937947096E-003, 4.730902097E+002, -2.772630658E-003, 9.967945516E-003, 1.982700201E-003
22.0000, 3.891000000E+001, 8.567858814E-005, 5.064080033E-006, 2.250351091E-003, 4.734793034E+002, -3.197164508E-003, 1.263082866E-002, 2.226855573E-003
22.1100, 3.902000000E+001, 3.191863529E-004, 4.271002820E-006, 2.066640467E-003, 4.730207301E+002, -1.758229919E-003, 1.182071492E-002, 2.068325790E-003
22.2000, 3.911000000E+001, 6.937698163E-004, 2.723017660E-006, 1.650156859E-003, 4.731855627E+002, -2.436534036E-003, 8.301345631E-003, 1.773082828E-003
22.3100, 3.922000000E+001, 6.701828635E-004, 3.754210917E-006, 1.937578622E-003, 4.730376992E+002, -2.903124085E-003, 1.064779330E-002, 2.029760843E-003
22.4100, 3.932000000E+001, 6.153957247E-004, 4.286427872E-006, 2.070369018E-003, 4.726562155E+002, -2.810983453E-003, 1.044369396E-002, 2.137729126E-003
22.5000, 3.941000000E+001, 5.195663931E-004, 3.004563353E-006, 1.733367633E-003, 4.729207811E+002, -2.905934816E-003, 8.753874339E-003, 1.791017732E-003
22.6000, 3.951000000E+001, 6.534356575E-004, 4.321935409E-006, 2.078926504E-003, 4.733400132E+002, -2.164092381E-003, 1.174020115E-002, 2.157051357E-003
22.7000, 3.961000000E+001, 1.217754991E-005, 3.387251354E-006, 1.840448683E-003, 4.727687879E+002, -2.131070942E-003, 1.029002853E-002, 1.819925107E-003
22.8000, 3.971000000E+001, 2.294278053E-004, 2.849740179E-006, 1.688117348E-003, 4.739448801E+002, -3.441416891E-003, 8.168291301E-003, 1.684947993E-003
22.9000, 3.981000000E+001, 8.517172289E-004, 3.286863082E-006, 1.812970789E-003, 4.729673814E+002, -1.633872744E-003, 1.029227208E-002, 1.984752861E-003
23.0000, 3.991000000E+001, -8.974535417E-005, 3.391123975E-006, 1.841500468E-003, 4.731075733E+002, -2.884027781E-003, 8.237180300E-003, 1.823134634E-003
23.1000, 4.001000000E+001, -3.126670645E-004, 3.842555256E-006, 1.960243673E-003, 4.730925000E+002, -3.728994867E-003, 9.616881609E-003, 1.963396504E-003
23.2000, 4.011000000E+001, 1.013617809E-003, 3.026467275E-006, 1.739674474E-003, 4.729704694E+002, -2.143064747E-003, 9.349711239E-003, 1.996655581E-003
23.3000, 4.021000000E+001, 1.434118369E-004, 3.410950600E-006, 1.846875903E-003, 4.730728465E+002, -3.612355096E-003, 9.051181376E-003, 1.831862073E-003
23.4000, 4.031000000E+001, 3.562586484E-004, 3.233318350E-006, 1.798143028E-003, 4.731114325E+002, -3.945902921E-003, 7.742988877E-003, 1.813391038E-003
23.5000, 4.041000000E+001, 4.150478485E-004, 3.187926202E-006, 1.785476464E-003, 4.726777028E+002, -2.085762098E-003, 8.142364211E-003, 1.813656008E-003
23.6000, 4.051000000E+001, -1.323109447E-004, 3.713469977E-006, 1.927036579E-003, 4.738359238E+002, -3.599458840E-003, 9.553450160E-003, 1.910092827E-003
23.7000, 4.061000000E+001, 4.235027515E-004, 3.536761327E-006, 1.880627908E-003, 4.736527750E+002, -3.656430868E-003, 9.923310019E-003, 1.907228673E-003
23.8100, 4.072000000E+001, 3.476520130E-004, 4.038164922E-006, 2.009518580E-003, 4.726958410E+002, -3.780884435E-003, 1.039574202E-002, 2.017248087E-003
23.9100, 4.082000000E+001, 5.865631622E-004, 3.210376120E-006, 1.791752249E-003, 4.724570298E+002, -2.008561743E-003, 1.019159146E-002, 1.866304041E-003
24.0100, 4.092000000E+001, -2.481114958E-005, 4.185150496E-006, 2.045764037E-003, 4.728172135E+002, -3.363039112E-003, 1.052218489E-002, 2.023057771E-003
24.1100, 4.102000000E+001, 3.011054361E-004, 4.970918494E-006, 2.229555672E-003, 4.728263506E+002, -2.721674507E-003, 1.237719227E-002, 2.225110811E-003
24.2100, 4.112000000E+001, 4.863459348E-004, 4.328375063E-006, 2.080474721E-003, 4.731269237E+002, -2.191262087E-003, 1.136209909E-002, 2.113935032E-003
24.3100, 4.122000000E+001, 5.638084467E-005, 4.025245373E-006, 2.006301416E-003, 4.735174642E+002, -3.055841895E-003, 1.117919385E-002, 1.984684931E-003
24.4100, 4.132000000E+001, 5.474460704E-004, 3.992146605E-006, 1.998035687E-003, 4.728469122E+002, -1.691040234E-003, 1.091735531E-002, 2.050153515E-003
24.5100, 4.142000000E+001, -1.130789775E-004, 3.703676205E-006, 1.924493753E-003, 4.725922444E+002, -3.690103535E-003, 9.031279944E-003, 1.906347068E-003
24.6100, 4.152000000E+001, -1.040257395E-004, 3.613732857E-006, 1.900982077E-003, 4.730320045E+002, -3.824298736E-003, 8.135654032E-003, 1.882617602E-003
24.7100, 4.162000000E+001, 8.145381644E-004, 4.407420269E-006, 2.099385689E-003, 4.731897295E+002, -3.247785149E-003, 1.127596665E-002, 2.230011215E-003
24.8100, 4.172000000E+001, -6.915413683E-006, 3.644363441E-006, 1.909021593E-003, 4.733958858E+002, -2.394836862E-003, 1.005290262E-002, 1.887703740E-003
24.9100, 4.182000000E+001, 6.861945234E-004, 3.568439490E-006, 1.889031363E-003, 4.727983520E+002, -1.780859544E-003, 1.033800282E-002, 1.989975819E-003
25.0100, 4.192000000E+001, 1.776719431E-004, 3.185247899E-006, 1.784726281E-003, 4.728338350E+002, -1.799266785E-003, 1.015976910E-002, 1.773705706E-003
25.1100, 4.202000000E+001, 2.660881820E-004, 3.508630436E-006, 1.873133854E-003, 4.731612986E+002, -3.594445530E-003, 8.447172120E-003, 1.871219867E-003
25.2000, 4.211000000E+001, 2.626121819E-004, 2.812247818E-006, 1.676975795E-003, 4.728407561E+002, -3.145483788E-003, 8.570597507E-003, 1.678903982E-003
25.3100, 4.222000000E+001, 3.683174896E-004, 4.226125626E-006, 2.055754272E-003, 4.729416449E+002, -2.575215651E-003, 1.057597343E-002, 2.065882256E-003
25.4100, 4.232000000E+001, 7.459474378E-004, 3.752071588E-006, 1.937026481E-003, 4.734126526E+002, -2.039524028E-003, 1.126583479E-002, 2.055512053E-003
25.5100, 4.242000000E+001, 2.326902820E-004, 2.908141514E-006, 1.705327392E-003, 4.729460394E+002, -1.948104706E-003, 8.928813040E-003, 1.702251719E-003
25.6100, 4.252000000E+001, 1.030998308E-003, 3.886651854E-006, 1.971459321E-003, 4.728651345E+002, -1.692291349E-003, 1.096271351E-002, 2.205275340E-003
25.7100, 4.262000000E+001, 1.102362913E-003, 4.678823912E-006, 2.163058925E-003, 4.731177677E+002, -2.293960424E-003, 1.293000486E-002, 2.406253112E-003
25.8100, 4.272000000E+001, 6.742444042E-004, 4.491102602E-006, 2.119222169E-003, 4.731469838E+002, -2.307574498E-003, 1.170012355E-002, 2.201341827E-003
25.9100, 4.282000000E+001, 8.622101673E-004, 3.986293468E-006, 1.996570426E-003, 4.733501906E+002, -2.213376807E-003, 1.082345750E-002, 2.154324846E-003
26.0100, 4.292000000E+001, 3.682112056E-004, 4.630193388E-006, 2.151788416E-003, 4.727748108E+002, -2.367072040E-003, 1.178125571E-002, 2.159370208E-003
26.1100, 4.302000000E+001, 7.201488410E-004, 3.197795752E-006, 1.788238170E-003, 4.729395235E+002, -1.388600795E-003, 9.621020406E-003, 1.909279439E-003
26.2100, 4.312000000E+001, 5.133939396E-004, 3.742255853E-006, 1.934491109E-003, 4.727127717E+002, -2.344538923E-003, 1.088407170E-002, 1.980572632E-003
26.3100, 4.322000000E+001, 1.171028027E-004, 3.527474277E-006, 1.878157149E-003, 4.729473271E+002, -2.892995253E-003, 1.004092582E-002, 1.860859754E-003
26.4100, 4.332000000E+001, 4.567301624E-004, 3.212907933E-006, 1.792458628E-003, 4.733489608E+002, -3.260854864E-003, 7.834170014E-003, 1.830331232E-003
26.5100, 4.342000000E+001, 6.560194992E-004, 3.341416417E-006, 1.827954162E-003, 4.726651178E+002, -2.438661642E-003, 9.867338464E-003, 1.922894771E-003
26.6100, 4.352000000E+001, 3.340779859E-004, 3.035405462E-006, 1.742241505E-003, 4.730610022E+002, -3.288932377E-003, 8.667542599E-003, 1.754867547E-003
26.7100, 4.362000000E+001, -1.081062533E-004, 3.462282067E-006, 1.860720846E-003, 4.731746897E+002, -2.591392258E-003, 9.641602635E-003, 1.843103206E-003
26.8100, 4.372000000E+001, 5.053362420E-004, 3.607919440E-006, 1.899452405E-003, 4.729827742E+002, -2.404967789E-003, 9.577046148E-003, 1.945021380E-003
26.9100, 4.382000000E+001, 2.495358769E-005, 3.193383170E-006, 1.787003965E-003, 4.729189029E+002, -3.558141179E-003, 9.267401882E-003, 1.767212998E-003
27.0100, 4.392000000E+001, 5.551108717E-004, 3.548201732E-006, 1.883667097E-003, 4.727609173E+002, -2.419309458E-003, 1.002671849E-002, 1.943579400E-003
27.1100, 4.402000000E+001, 7.052987686E-004, 4.039087426E-006, 2.009748100E-003, 4.734111744E+002, -1.993235666E-003, 1.142728329E-002, 2.108738078E-003
27.2100, 4.412000000E+001, 2.673028998E-004, 3.561216380E-006, 1.887118539E-003, 4.733164172E+002, -2.665512031E-003, 9.349588305E-003, 1.885080656E-003
27.3100, 4.422000000E+001, 5.996638802E-004, 3.282682396E-006, 1.811817429E-003, 4.734428522E+002, -2.503983676E-003, 8.638856001E-003, 1.889267230E-003
27.4100, 4.432000000E+001, -1.744648814E-005, 3.801208188E-006, 1.949668738E-003, 4.736969798E+002, -2.373324940E-003, 8.915760554E-003, 1.927962986E-003
27.5100, 4.442000000E+001, 8.130411293E-004, 4.216430596E-006, 2.053394895E-003, 4.727695536E+002, -1.925149118E-003, 1.127587352E-002, 2.187182667E-003
27.6100, 4.452000000E+001, 4.610136955E-004, 3.882306222E-006, 1.970356877E-003, 4.726876628E+002, -1.983500784E-003, 1.110760495E-002, 2.002140449E-003
27.7100, 4.462000000E+001, 6.753984529E-004, 3.847683209E-006, 1.961551225E-003, 4.730244199E+002, -1.898149145E-003, 1.011294220E-002, 2.053860319E-003
27.8100, 4.472000000E+001, 6.261424626E-004, 4.451531395E-006, 2.109865255E-003, 4.727346503E+002, -2.450024709E-003, 1.123585366E-002, 2.178224703E-003
27.9100, 4.482000000E+001, 4.974339306E-004, 2.947077687E-006, 1.716705475E-003, 4.732057332E+002, -1.934131375E-003, 9.589504451E-003, 1.768905760E-003
28.0100, 4.492000000E+001, 5.150320264E-004, 3.854436742E-006, 1.963271948E-003, 4.734415341E+002, -2.315164544E-003, 1.123767719E-002, 2.008492116E-003
28.1100, 4.502000000E+001, 7.889128660E-004, 4.768083997E-006, 2.183594284E-003, 4.732224793E+002, -2.359526930E-003, 1.275767200E-002, 2.298806230E-003
28.2100, 4.512000000E+001, 2.532636787E-004, 4.342907131E-006, 2.083964283E-003, 4.730709780E+002, -2.518357942E-003, 1.038681716E-002, 2.076184138E-003
28.3100, 4.522000000E+001, 5.615879526E-004, 4.229514437E-006, 2.056578332E-003, 4.730791194E+002, -2.689220244E-003, 1.091692690E-002, 2.109717103E-003
28.4100, 4.532000000E+001, 8.278129600E-004, 3.415679999E-006, 1.848155837E-003, 4.731002497E+002, -1.607090118E-003, 1.064556371E-002, 2.006252799E-003
28.5100, 4.542000000E+001, 1.170180951E-003, 3.528600917E-006, 1.878457058E-003, 4.734114149E+002, -2.383924555E-003, 9.161660448E-003, 2.195338476E-003
28.6100, 4.552000000E+001, 5.784767623E-004, 2.710661936E-006, 1.646408800E-003, 4.733517388E+002, -2.041947795E-003, 8.019040339E-003, 1.727732725E-003
28.7100, 4.562000000E+001, 4.171279547E-004, 3.365697552E-006, 1.834583755E-003, 4.730774926E+002, -1.810560818E-003, 9.878041223E-003, 1.861424187E-003
28.8100, 4.572000000E+001, 7.604939703E-004, 3.844358090E-006, 1.960703468E-003, 4.732663047E+002, -1.823472558E-003, 1.107832789E-002, 2.082613500E-003
28.9100, 4.582000000E+001, 4.443232507E-004, 4.526593045E-006, 2.127579151E-003, 4.726979955E+002, -3.581482684E-003, 1.007728744E-002, 2.150215161E-003
29.0100, 4.592000000E+001, 6.017321807E-004, 2.919492155E-006, 1.708652146E-003, 4.730470092E+002, -2.445241204E-003, 9.237828664E-003, 1.793515032E-003
29.1100, 4.602000000E+001, 1.808387605E-004, 2.904663430E-006, 1.704307317E-003, 4.723567651E+002, -3.912160173E-003, 7.804026827E-003, 1.694938940E-003
29.2100, 4.612000000E+001, 4.589286015E-004, 3.579500142E-006, 1.891956697E-003, 4.731101392E+002, -1.915959292E-003, 1.020191982E-002, 1.926284287E-003
29.3100, 4.622000000E+001, 3.698574102E-005, 2.650547268E-006, 1.628050143E-003, 4.730855076E+002, -2.539387671E-003, 6.905510556E-003, 1.610283876E-003
29.4100, 4.632000000E+001, 1.104964873E-004, 4.494598975E-006, 2.120046927E-003, 4.728970398E+002, -2.532399260E-003, 1.091660187E-002, 2.099268556E-003
29.5100, 4.642000000E+001, 4.471629923E-004, 3.181251871E-006, 1.783606423E-003, 4.730720262E+002, -2.613085322E-003, 9.697048925E-003, 1.819481280E-003
29.6100, 4.652000000E+001, 7.286647657E-004, 3.336363007E-006, 1.826571380E-003, 4.729068501E+002, -2.979262266E-003, 9.947400540E-003, 1.947607236E-003
29.7100, 4.662000000E+001, 1.000136696E-003, 4.318101594E-006, 2.078004233E-003, 4.728970609E+002, -2.870623721E-003, 1.145996246E-002, 2.285260859E-003
29.8100, 4.672000000E+001, 8.572858056E-004, 4.352923802E-006, 2.086366171E-003, 4.728623324E+002, -2.402383368E-003, 1.103834342E-002, 2.234083954E-003
29.9100, 4.682000000E+001, 1.037387248E-003, 4.566739756E-006, 2.136993158E-003, 4.730268938E+002, -2.255810192E-003, 1.175229810E-002, 2.354023991E-003
30.0100, 4.692000000E+001, 3.048423020E-004, 3.618194276E-006, 1.902155166E-003, 4.728714359E+002, -2.137503820E-003, 1.093103178E-002, 1.905444512E-003
30.1100, 4.702000000E+001, 6.340704199E-004, 3.688704569E-006, 1.920600054E-003, 4.732919770E+002, -2.062720247E-003, 9.569669142E-003, 2.002193461E-003
30.2100, 4.712000000E+001, 1.404572641E-003, 3.493104498E-006, 1.868984884E-003, 4.728063876E+002, -1.588084619E-003, 9.548781440E-003, 2.321272120E-003
30.3100, 4.722000000E+001, 8.063189377E-004, 3.109999245E-006, 1.763518995E-003, 4.725178162E+002, -9.532501572E-004, 1.051279437E-002, 1.921207532E-003
30.4100, 4.732000000E+001, 4.671337985E-004, 2.636534187E-006, 1.623740800E-003, 4.730298425E+002, -3.219435690E-003, 7.088169456E-003, 1.672171799E-003
30.5100, 4.742000000E+001, -1.124663133E-004, 4.612984534E-006, 2.147785961E-003, 4.732479472E+002, -4.023527727E-003, 1.170070749E-002, 2.126763372E-003
30.6100, 4.752000000E+001, 1.209652595E-003, 3.232698434E-006, 1.797970643E-003, 4.728608123E+002, -1.176009420E-003, 1.042187680E-002, 2.150376732E-003
30.7100, 4.762000000E+001, -6.435121617E-005, 4.343402884E-006, 2.084083224E-003, 4.732894159E+002, -2.733423607E-003, 1.050067693E-002, 2.061801130E-003
30.8100, 4.772000000E+001, 4.916094989E-004, 3.779177342E-006, 1.944010633E-003, 4.728857917E+002, -2.901412779E-003, 1.105783228E-002, 1.984156124E-003
30.9100, 4.782000000E+001, 2.998595388E-004, 3.501258790E-006, 1.871165089E-003, 4.729182251E+002, -2.658153418E-003, 9.949474595E-003, 1.874398245E-003
31.0100, 4.792000000E+001, 7.127513080E-004, 3.829503826E-006, 1.956911808E-003, 4.726945719E+002, -1.990383957E-003, 1.099332143E-002, 2.062139221E-003
31.1100, 4.802000000E+001, 5.975892101E-004, 4.484717875E-006, 2.117715249E-003, 4.729623404E+002, -3.372711595E-003, 1.077644527E-002, 2.177652484E-003
31.2100, 4.812000000E+001, 2.851077564E-004, 3.998984740E-006, 1.999746169E-003, 4.731067414E+002, -2.689511282E-003, 9.619568475E-003, 1.997850056E-003
31.3100, 4.822000000E+001, 6.610986438E-004, 3.792160124E-006, 1.947346945E-003, 4.733939998E+002, -1.810168964E-003, 1.087679341E-002, 2.035912895E-003
31.4100, 4.832000000E+001, 2.758728386E-004, 3.438092080E-006, 1.854209287E-003, 4.728906635E+002, -2.315978985E-003, 9.753270075E-003, 1.854129407E-003
31.5100, 4.842000000E+001, 2.860056378E-004, 3.854393384E-006, 1.963260906E-003, 4.728615553E+002, -2.919421764E-003, 1.022812072E-002, 1.962279140E-003
31.6100, 4.852000000E+001, 1.109874593E-003, 3.956873707E-006, 1.989189209E-003, 4.727476872E+002, -2.023005392E-003, 1.187220402E-002, 2.258487280E-003
31.7100, 4.862000000E+001, 8.117201289E-004, 3.923964973E-006, 1.980900041E-003, 4.731826658E+002, -1.376904547E-003, 1.152227912E-002, 2.120296045E-003
31.8100, 4.872000000E+001, 8.092883413E-004, 3.704537418E-006, 1.924717490E-003, 4.723744271E+002, -2.150188666E-003, 1.142710354E-002, 2.068130069E-003
31.9100, 4.882000000E+001, 7.831964474E-004, 3.981468070E-006, 1.995361639E-003, 4.727175098E+002, -2.948256675E-003, 1.025127806E-002, 2.122825400E-003
32.0100, 4.892000000E+001, 7.011406572E-004, 4.023410910E-006, 2.005844189E-003, 4.728258210E+002, -2.799453679E-003, 1.039990224E-002, 2.103711007E-003
32.1100, 4.902000000E+001, 7.077766151E-004, 2.789671699E-006, 1.670231032E-003, 4.733810674E+002, -2.134147100E-003, 9.332104586E-003, 1.796837981E-003
32.2100, 4.912000000E+001, 6.398420128E-004, 3.977080039E-006, 1.994261778E-003, 4.729911809E+002, -1.670623431E-003, 1.115327142E-002, 2.073185540E-003
32.3100, 4.922000000E+001, 4.715088743E-004, 3.339611625E-006, 1.827460430E-003, 4.732829961E+002, -2.691116650E-003, 8.776555769E-003, 1.867543481E-003
32.4100, 4.932000000E+001, 3.721405492E-004, 4.534964447E-006, 2.129545596E-003, 4.728325302E+002, -2.534042811E-003, 1.221029833E-002, 2.138381642E-003
32.5100, 4.942000000E+001, -4.163357565E-004, 3.835066497E-006, 1.958332581E-003, 4.728332125E+002, -3.086419776E-003, 9.557072073E-003, 1.980701456E-003
32.6100, 4.952000000E+001, 6.338012866E-004, 3.302827262E-006, 1.817368224E-003, 4.730162957E+002, -1.950099948E-003, 9.899294004E-003, 1.905553770E-003
32.7100, 4.962000000E+001, 4.657464568E-004, 2.768108146E-006, 1.663763248E-003, 4.729210991E+002, -2.468501218E-003, 8.947472088E-003, 1.709828762E-003
32.8100, 4.972000000E+001, -1.553692986E-004, 3.033059981E-006, 1.741568253E-003, 4.730333983E+002, -3.029926913E-003, 8.801002055E-003, 1.729103313E-003
32.9100, 4.982000000E+001, 5.842943840E-004, 3.857805441E-006, 1.964129691E-003, 4.731987350E+002, -2.146019600E-003, 9.431665763E-003, 2.028170693E-003
33.0100, 4.992000000E+001, 3.719053553E-004, 3.545548881E-006, 1.882962793E-003, 4.729585956E+002, -2.331549069E-003, 1.025069784E-002, 1.898702846E-003
33.1100, 5.002000000E+001, 2.197858188E-004, 3.444192366E-006, 1.855853541E-003, 4.731702489E+002, -2.133215545E-003, 9.827222675E-003, 1.848231740E-003
33.2100, 5.012000000E+001, 1.038831505E-003, 3.293995223E-006, 1.814936700E-003, 4.727928221E+002, -1.378900139E-003, 1.057156734E-002, 2.073635991E-003
33.3100, 5.022000000E+001, 6.632175683E-004, 3.864021825E-006, 1.965711532E-003, 4.728150536E+002, -2.292631892E-003, 1.071923692E-002, 2.053779983E-003
33.4100, 5.032000000E+001, 4.890989312E-004, 3.711088750E-006, 1.926418633E-003, 4.730333702E+002, -2.170517575E-003, 1.016288996E-002, 1.966681946E-003
33.5100, 5.042000000E+001, 5.117049606E-004, 3.331992670E-006, 1.825374666E-003, 4.731821633E+002, -2.382696606E-003, 9.411313571E-003, 1.876110432E-003
33.6100, 5.052000000E+001, 9.457672208E-005, 3.736760512E-006, 1.933070229E-003, 4.728992512E+002, -3.674057545E-003, 1.004783716E-002, 1.913809328E-003
33.7100, 5.062000000E+001, -3.318335502E-004, 4.691139208E-006, 2.165903785E-003, 4.730694928E+002, -3.746095579E-003, 1.135556307E-002, 2.167257524E-003
33.8100, 5.072000000E+001, 9.335785249E-005, 3.260726081E-006, 1.805748067E-003, 4.725819802E+002, -2.771419939E-003, 8.215039037E-003, 1.788010400E-003
33.9100, 5.082000000E+001, 3.751770031E-004, 2.798999261E-006, 1.673020998E-003, 4.727642754E+002, -2.290744102E-003, 9.181014262E-003, 1.696336364E-003
34.0100, 5.092000000E+001, 1.234169799E-004, 2.933554421E-006, 1.712762220E-003, 4.725307242E+002, -2.572815632E-003, 8.250597864E-003, 1.698115448E-003
34.1100, 5.102000000E+001, 5.526410450E-004, 4.079458980E-006, 2.019767061E-003, 4.729412400E+002, -3.952052444E-003, 9.655812755E-003, 2.072249131E-003
34.2100, 5.112000000E+001, 1.244701040E-004, 2.759910721E-006, 1.661297903E-003, 4.731175891E+002, -1.821953687E-003, 9.326238185E-003, 1.647444135E-003
34.3100, 5.122000000E+001, -9.215889731E-005, 4.167931958E-006, 2.041551361E-003, 4.730311405E+002, -2.839185763E-003, 1.093503740E-002, 2.020842525E-003
34.4100, 5.132000000E+001, 5.499977208E-004, 4.778486092E-006, 2.185974861E-003, 4.731078752E+002, -2.550071338E-003, 1.195219159E-002, 2.230424848E-003
34.5100, 5.142000000E+001, 4.944905063E-004, 2.788904504E-006, 1.670001349E-003, 4.727971398E+002, -1.404136652E-003, 1.033381466E-002, 1.723789346E-003
34.6100, 5.152000000E+001, 5.156889887E-004, 3.909896462E-006, 1.977345813E-003, 4.730797026E+002, -1.584943268E-003, 1.129300240E-002, 2.022113995E-003
34.7100, 5.162000000E+001, 2.125526425E-004, 4.463697927E-006, 2.112746536E-003, 4.733278480E+002, -2.349503338E-003, 1.117930654E-002, 2.099924586E-003
34.8100, 5.172000000E+001, 7.058155243E-004, 3.823367432E-006, 1.955343303E-003, 4.731098833E+002, -2.312154276E-003, 1.010046341E-002, 2.058295233E-003
34.9100, 5.182000000E+001, 5.690246695E-004, 2.557277835E-006, 1.599149097E-003, 4.731606344E+002, -2.493428299E-003, 7.976264693E-003, 1.680547087E-003
35.0100, 5.192000000E+001, 3.645090132E-004, 3.502489981E-006, 1.871494050E-003, 4.725834385E+002, -1.896198373E-003, 1.008975971E-002, 1.886139892E-003
35.1100, 5.202000000E+001, 4.337116544E-004, 3.283986615E-006, 1.812177313E-003, 4.725321940E+002, -1.869394910E-003, 9.387564845E-003, 1.843668878E-003
35.2100, 5.212000000E+001, 1.751209527E-004, 3.249026122E-006, 1.802505512E-003, 4.730847716E+002, -2.771119820E-003, 9.161155671E-003, 1.790947484E-003
35.3100, 5.222000000E+001, 3.654812476E-004, 2.189675445E-006, 1.479755198E-003, 4.728337351E+002, -2.218134701E-003, 6.979008671E-003, 1.508175233E-003
35.4100, 5.232000000E+001, 3.412604990E-004, 4.100796652E-006, 2.025042383E-003, 4.730891527E+002, -3.991394769E-003, 1.029644534E-002, 2.031286924E-003
35.5100, 5.242000000E+001, -4.164589385E-005, 3.884173351E-006, 1.970830625E-003, 4.729106328E+002, -3.389555262E-003, 1.024985313E-002, 1.949254413E-003
35.6100, 5.252000000E+001, -3.213942194E-004, 3.576592738E-006, 1.891188182E-003, 4.730264502E+002, -3.390656319E-003, 8.980840445E-003, 1.897473885E-003
35.7100, 5.262000000E+001, 6.811704718E-004, 3.185068196E-006, 1.784675936E-003, 4.731062191E+002, -2.005651826E-003, 9.947132319E-003, 1.891634773E-003
35.8100, 5.272000000E+001, 9.249598587E-004, 2.760426439E-006, 1.661453111E-003, 4.730134418E+002, -1.390369260E-003, 9.534282610E-003, 1.885373801E-003
35.9100, 5.282000000E+001, 6.503075305E-004, 4.727017080E-006, 2.174170435E-003, 4.729913316E+002, -2.450488741E-003, 1.158966124E-002, 2.246079282E-003
36.0100, 5.292000000E+001, 1.214327725E-003, 4.128975938E-006, 2.031988174E-003, 4.727532192E+002, -2.192098182E-003, 1.137953531E-002, 2.347725014E-003
36.1100, 5.302000000E+001, 2.902792482E-004, 3.149482554E-006, 1.774678155E-003, 4.724046254E+002, -1.900870586E-003, 8.868474513E-003, 1.778695054E-003
36.2100, 5.312000000E+001, 5.130817858E-004, 4.193421698E-006, 2.047784583E-003, 4.733093445E+002, -2.078477060E-003, 1.058174856E-002, 2.088896232E-003
36.3100, 5.322000000E+001, 6.051286999E-004, 4.670184878E-006, 2.161061054E-003, 4.735617932E+002, -2.872332232E-003, 1.070924476E-002, 2.220942083E-003
36.4100, 5.332000000E+001, 1.880881997E-004, 3.355816791E-006, 1.831888859E-003, 4.730187953E+002, -2.469503321E-003, 8.842851967E-003, 1.821159042E-003
36.5100, 5.342000000E+001, 2.946314108E-004, 3.817812031E-006, 1.953922217E-003, 4.728876340E+002, -1.984252362E-003, 1.089534909E-002, 1.954425602E-003
36.6100, 5.352000000E+001, 6.794682372E-005, 3.715038716E-006, 1.927443570E-003, 4.730627541E+002, -2.787022851E-003, 9.443406947E-003, 1.907118001E-003
36.7100, 5.362000000E+001, 6.647833993E-004, 4.660428113E-006, 2.158802472E-003, 4.728854722E+002, -2.658081474E-003, 1.219470985E-002, 2.235799636E-003
36.8100, 5.372000000E+001, 2.693432744E-004, 3.844741784E-006, 1.960801312E-003, 4.732404963E+002, -2.425892977E-003, 1.069557294E-002, 1.957510888E-003
36.9100, 5.382000000E+001, 1.565167481E-004, 4.347415798E-006, 2.085045754E-003, 4.727369718E+002, -2.185370773E-003, 1.142752729E-002, 2.067680839E-003
37.0100, 5.392000000E+001, 3.054738715E-004, 3.532827560E-006, 1.879581751E-003, 4.725624879E+002, -2.832247876E-003, 9.723450057E-003, 1.883516543E-003
37.1100, 5.402000000E+001, 5.974698798E-004, 4.769454350E-006, 2.183908045E-003, 4.734618543E+002, -3.045969177E-003, 1.161797065E-002, 2.240633110E-003
37.2100, 5.412000000E+001, 3.574064136E-004, 3.826931006E-006, 1.956254331E-003, 4.730564600E+002, -1.600663760E-003, 1.135794912E-002, 1.967136863E-003
37.3100, 5.422000000E+001, 2.914739764E-004, 4.163413952E-006, 2.040444548E-003, 4.727307564E+002, -3.145483788E-003, 9.625856765E-003, 2.038590376E-003
37.4100, 5.432000000E+001, 5.608494216E-005, 3.456898232E-006, 1.859273577E-003, 4.729993431E+002, -2.329856157E-003, 1.003890578E-002, 1.839354178E-003
37.5100, 5.442000000E+001, 1.522821673E-004, 4.253505104E-006, 2.062402750E-003, 4.725657325E+002, -2.996786730E-003, 1.080331486E-002, 2.045036094E-003
37.6100, 5.452000000E+001, 7.563859058E-004, 3.528862878E-006, 1.878526784E-003, 4.732515519E+002, -2.314225305E-003, 1.036782004E-002, 2.005632903E-003
37.7100, 5.462000000E+001, 4.084705788E-004, 3.553032568E-006, 1.884948956E-003, 4.725641017E+002, -3.079309128E-003, 9.688777849E-003, 1.908120673E-003
37.8100, 5.472000000E+001, 1.005527928E-003, 3.495761840E-006, 1.869695654E-003, 4.726010617E+002, -1.273247995E-003, 1.084176358E-002, 2.104558067E-003
37.9100, 5.482000000E+001, 1.531806825E-004, 4.543786684E-006, 2.131615980E-003, 4.729538498E+002, -3.677689238E-003, 1.033856813E-002, 2.113357038E-003
38.0100, 5.492000000E+001, 3.867588058E-004, 3.100954463E-006, 1.760952715E-003, 4.723901799E+002, -2.689875197E-003, 8.376266807E-003, 1.783711506E-003
38.1100, 5.502000000E+001, 4.951986592E-004, 3.565098769E-006, 1.888146914E-003, 4.729742645E+002, -1.999580767E-003, 9.930273518E-003, 1.931604531E-003
38.2100, 5.512000000E+001, -9.699432121E-005, 3.710023326E-006, 1.926142084E-003, 4.731186752E+002, -2.875993960E-003, 9.954322129E-003, 1.907088425E-003
38.3100, 5.522000000E+001, 6.585812762E-004, 4.413252100E-006, 2.100774167E-003, 4.726442226E+002, -2.071307972E-003, 1.150601450E-002, 2.179199194E-003
38.4100, 5.532000000E+001, 5.182733450E-004, 3.436852119E-006, 1.853874893E-003, 4.729254026E+002, -1.749623450E-003, 1.064203959E-002, 1.905015718E-003
38.5100, 5.542000000E+001, 7.860884073E-004, 3.825544480E-006, 1.955899916E-003, 4.731745602E+002, -2.830639482E-003, 1.117832121E-002, 2.087694270E-003
38.6100, 5.552000000E+001, 1.457763238E-004, 3.639451023E-006, 1.907734526E-003, 4.726128356E+002, -2.520277165E-003, 9.923310019E-003, 1.892042566E-003
38.7100, 5.562000000E+001, 8.177966946E-005, 3.531439185E-006, 1.879212384E-003, 4.731083967E+002, -2.146716230E-003, 9.705322795E-003, 1.860013622E-003
38.8100, 5.572000000E+001, 5.901380764E-004, 3.417298203E-006, 1.848593574E-003, 4.724538995E+002, -2.711749868E-003, 9.163144976E-003, 1.920838669E-003
38.9100, 5.582000000E+001, 8.506597855E-004, 3.452581459E-006, 1.858112338E-003, 4.730888394E+002, -2.762916498E-003, 8.514109999E-003, 2.024717140E-003
39.0100, 5.592000000E+001, 6.707107633E-004, 4.309941161E-006, 2.076039778E-003, 4.726690787E+002, -3.478288418E-003, 1.112916972E-002, 2.159633677E-003
39.1100, 5.602000000E+001, 1.483230669E-003, 2.652875305E-006, 1.628764963E-003, 4.728648570E+002, -1.140137785E-003, 9.432049468E-003, 2.189496686E-003
39.2100, 5.612000000E+001, 4.193174554E-004, 4.518146760E-006, 2.125593272E-003, 4.729153699E+002, -2.845046343E-003, 1.165522169E-002, 2.143261680E-003
39.3100, 5.622000000E+001, 5.241723506E-004, 2.312707885E-006, 1.520758983E-003, 4.733682472E+002, -1.262341626E-003, 8.205221035E-003, 1.592504640E-003
39.4100, 5.632000000E+001, 9.913381852E-004, 2.967361538E-006, 1.722603128E-003, 4.733589761E+002, -1.491965493E-003, 9.974983521E-003, 1.970830172E-003
39.5100, 5.642000000E+001, -1.583560018E-004, 3.545602048E-006, 1.882976911E-003, 4.729971344E+002, -2.677614801E-003, 9.882586077E-003, 1.868659283E-003
39.6100, 5.652000000E+001, 1.530479458E-004, 4.050671847E-006, 2.012628094E-003, 4.730502609E+002, -2.710662782E-003, 1.122602262E-002, 1.996016180E-003
39.7100, 5.662000000E+001, 5.924000951E-005, 4.819802385E-006, 2.195404834E-003, 4.733161486E+002, -2.909376286E-003, 1.146158949E-002, 2.171682538E-003
39.8100, 5.672000000E+001, -3.278160972E-005, 4.093209966E-006, 2.023168299E-003, 4.736911728E+002, -2.684182255E-003, 1.095777936E-002, 2.000830922E-003
39.9100, 5.682000000E+001, 3.372863793E-004, 4.007422799E-006, 2.001854840E-003, 4.728147960E+002, -2.173422836E-003, 1.078594942E-002, 2.008016698E-003
40.0100, 5.692000000E+001, 1.102315830E-003, 3.235731383E-006, 1.798813882E-003, 4.729949890E+002, -1.388413017E-003, 9.565625340E-003, 2.092588452E-003
40.1100, 5.702000000E+001, 1.091137724E-003, 2.472271911E-006, 1.572345990E-003, 4.728454472E+002, -1.304768142E-003, 9.295628406E-003, 1.899450991E-003
40.2100, 5.712000000E+001, 6.767152216E-004, 3.356451055E-006, 1.832061968E-003, 4.729190148E+002, -1.622674172E-003, 9.276287630E-003, 1.933857995E-003
40.3100, 5.722000000E+001, 1.045523626E-003, 3.343512135E-006, 1.828527313E-003, 4.729114349E+002, -2.413613489E-003, 9.485433809E-003, 2.088619524E-003
40.4100, 5.732000000E+001, 5.273538420E-004, 4.110827916E-006, 2.027517673E-003, 4.729583410E+002, -2.218854846E-003, 1.206840575E-002, 2.073060119E-003
40.5100, 5.742000000E+001, -1.736725843E-004, 3.594741814E-006, 1.895980436E-003, 4.727928243E+002, -2.573512029E-003, 8.794148453E-003, 1.882822570E-003
40.6100, 5.752000000E+001, 3.548722444E-005, 2.592721403E-006, 1.610192971E-003, 4.732385274E+002, -2.029989613E-003, 8.580089547E-003, 1.592596846E-003
40.7100, 5.762000000E+001, -2.615027777E-004, 4.249693681E-006, 2.061478518E-003, 4.732167870E+002, -4.287953954E-003, 9.218762629E-003, 2.055149568E-003
40.8100, 5.772000000E+001, 4.457061367E-004, 3.849654731E-006, 1.962053702E-003, 4.728281822E+002, -2.230033977E-003, 1.054136362E-002, 1.990668433E-003
40.9100, 5.782000000E+001, 4.705092696E-005, 3.472528488E-006, 1.863472159E-003, 4.728962789E+002, -3.177065635E-003, 9.756680578E-003, 1.843251198E-003
41.0100, 5.792000000E+001, 5.914918928E-004, 3.644047042E-006, 1.908938721E-003, 4.729258338E+002, -1.983661903E-003, 1.072980743E-002, 1.978112959E-003
41.1100, 5.802000000E+001, 9.629304148E-004, 4.380286456E-006, 2.092913390E-003, 4.728509094E+002, -1.967479009E-003, 1.095973793E-002, 2.282582253E-003
41.2100, 5.812000000E+001, 1.633939073E-004, 3.184672984E-006, 1.784565209E-003, 4.733567084E+002, -2.676383127E-003, 8.822820149E-003, 1.772173818E-003
41.3100, 5.822000000E+001, 8.130612437E-004, 4.160479473E-006, 2.039725342E-003, 4.731739548E+002, -2.170517575E-003, 1.078496967E-002, 2.174647778E-003
41.4100, 5.832000000E+001, 1.625220560E-004, 2.598280375E-006, 1.611918228E-003, 4.731615794E+002, -2.482934156E-003, 7.448802236E-003, 1.602171723E-003
41.5100, 5.842000000E+001, 9.051556707E-005, 4.434782727E-006, 2.105892383E-003, 4.731460251E+002, -3.441696288E-003, 1.065888442E-002, 2.084328445E-003
41.6100, 5.852000000E+001, 8.045163700E-004, 3.290778636E-006, 1.814050340E-003, 4.728540768E+002, -2.465841128E-003, 1.024653949E-002, 1.965934081E-003
41.7100, 5.862000000E+001, 2.423630145E-004, 3.568411847E-006, 1.889024046E-003, 4.728880018E+002, -2.570972312E-003, 1.041920390E-002, 1.883574696E-003
41.8100, 5.872000000E+001, 3.101698170E-004, 3.970025655E-006, 1.992492323E-003, 4.731133310E+002, -2.649899805E-003, 9.907241911E-003, 1.994494467E-003
41.9100, 5.882000000E+001, 4.268686852E-004, 4.055288332E-006, 2.013774648E-003, 4.734189666E+002, -2.795689274E-003, 1.070478465E-002, 2.036513611E-003
42.0100, 5.892000000E+001, 8.901158952E-005, 2.541686418E-006, 1.594266734E-003, 4.731250597E+002, -1.867438899E-003, 8.146364242E-003, 1.578964078E-003
42.1100, 5.902000000E+001, 4.027121048E-004, 4.943703108E-006, 2.223443975E-003, 4.729865106E+002, -2.712556859E-003, 1.192578021E-002, 2.235177863E-003
42.2100, 5.912000000E+001, 2.928856402E-004, 2.714355088E-006, 1.647529996E-003, 4.731643007E+002, -2.751441207E-003, 8.155090734E-003, 1.655239585E-003
42.3100, 5.922000000E+001, 1.731742287E-004, 3.124044417E-006, 1.767496652E-003, 4.733955372E+002, -3.003490623E-003, 8.766945451E-003, 1.756305930E-003
42.4100, 5.932000000E+001, 5.928224088E-004, 3.194089330E-006, 1.787201536E-003, 4.728001243E+002, -2.416983712E-003, 8.270053193E-003, 1.864013942E-003
42.5100, 5.942000000E+001, 5.110900249E-004, 3.411582997E-006, 1.847047102E-003, 4.728078540E+002, -2.166234190E-003, 1.030370127E-002, 1.896571395E-003
42.6100, 5.952000000E+001, 1.232563630E-004, 3.362021721E-006, 1.833581665E-003, 4.724572286E+002, -3.030302934E-003, 8.198051713E-003, 1.817278806E-003
42.7100, 5.962000000E+001, 6.357279131E-004, 3.311172316E-006, 1.819662693E-003, 4.728872601E+002, -1.907183672E-003, 9.427709505E-003, 1.908334533E-003
42.8100, 5.972000000E+001, 4.426278412E-004, 3.671573683E-006, 1.916135090E-003, 4.732000898E+002, -1.769759925E-003, 1.121599413E-002, 1.945739593E-003
42.9100, 5.982000000E+001, 2.358432044E-004, 3.872576913E-006, 1.967886408E-003, 4.729011808E+002, -3.041610820E-003, 1.002671849E-002, 1.960138175E-003
43.0100, 5.992000000E+001, 6.810326642E-004, 3.986915737E-006, 1.996726255E-003, 4.730839862E+002, -2.650797833E-003, 1.054909360E-002, 2.088569630E-003
43.1100, 6.002000000E+001, 7.636306237E-004, 4.057473368E-006, 2.014317097E-003, 4.728623170E+002, -1.987963915E-003, 1.107579935E-002, 2.133175807E-003
43.2100, 6.012000000E+001, 6.170014381E-004, 3.899025067E-006, 1.974594912E-003, 4.731676603E+002, -3.167674877E-003, 1.033270732E-002, 2.047698913E-003
43.3100, 6.022000000E+001, -1.860151706E-004, 2.807606475E-006, 1.675591381E-003, 4.737362897E+002, -2.587219933E-003, 7.536096033E-003, 1.667278280E-003
43.4100, 6.032000000E+001, 4.086844431E-004, 4.094158383E-006, 2.023402674E-003, 4.728956386E+002, -3.018913791E-003, 1.045459602E-002, 2.042106770E-003
43.5100, 6.042000000E+001, 4.118715098E-004, 3.988870952E-006, 1.997215800E-003, 4.731383726E+002, -3.066488774E-003, 9.839820676E-003, 2.017391265E-003
43.6100, 6.052000000E+001, 4.328574822E-004, 4.777024484E-006, 2.185640520E-003, 4.727609552E+002, -2.930806018E-003, 1.162402704E-002, 2.204140192E-003
43.7100, 6.062000000E+001, 1.140850340E-003, 3.527753441E-006, 1.878231466E-003, 4.729713394E+002, -2.512274077E-003, 9.735907428E-003, 2.179655574E-003
43.8100, 6.072000000E+001, 9.381290175E-004, 4.791369534E-006, 2.188919719E-003, 4.727953263E+002, -2.251780126E-003, 1.194863487E-002, 2.359021134E-003
43.9100, 6.082000000E+001, 3.637961947E-004, 4.029089275E-006, 2.007259145E-003, 4.727623461E+002, -1.940697199E-003, 1.028501894E-002, 2.017895346E-003
44.0100, 6.092000000E+001, 3.308657490E-004, 3.121110677E-006, 1.766666544E-003, 4.730146266E+002, -2.870459575E-003, 8.602359332E-003, 1.777983354E-003
44.1100, 6.102000000E+001, 3.222005807E-004, 3.872517315E-006, 1.967871265E-003, 4.733152098E+002, -2.245184965E-003, 1.071196701E-002, 1.972377902E-003
44.2100, 6.112000000E+001, 5.808601715E-004, 3.144251724E-006, 1.773203802E-003, 4.727602527E+002, -2.346735215E-003, 8.906773292E-003, 1.847099890E-003
44.3100, 6.122000000E+001, 4.628847206E-004, 3.638202630E-006, 1.907407306E-003, 4.728116778E+002, -3.103175433E-003, 9.093183093E-003, 1.942064867E-003
44.4100, 6.132000000E+001, 5.567740445E-004, 4.091106415E-006, 2.022648367E-003, 4.732135704E+002, -2.139184391E-003, 1.095289551E-002, 2.076099775E-003
44.5100, 6.142000000E+001, 3.604221053E-004, 3.109724537E-006, 1.763441107E-003, 4.727000281E+002, -2.682875143E-003, 8.490510285E-003, 1.780596429E-003
44.6100, 6.152000000E+001, 6.051907534E-004, 3.863777822E-006, 1.965649466E-003, 4.729866928E+002, -1.471293974E-003, 1.150673535E-002, 2.035723935E-003
44.7100, 6.162000000E+001, -4.068479741E-004, 2.921382664E-006, 1.709205273E-003, 4.733355129E+002, -2.677977085E-003, 8.638563566E-003, 1.738386701E-003
44.8100, 6.172000000E+001, 4.404884813E-005, 4.126103294E-006, 2.031281195E-003, 4.734791349E+002, -3.871939611E-003, 1.006433647E-002, 2.009067548E-003
44.9100, 6.182000000E+001, 7.421429098E-004, 3.286624096E-006, 1.812904878E-003, 4.730242125E+002, -2.839372726E-003, 9.248242714E-003, 1.940196924E-003
45.0100, 6.192000000E+001, -2.472143245E-004, 4.604575134E-006, 2.145827378E-003, 4.732578199E+002, -3.058600705E-003, 1.115171239E-002, 2.136203680E-003
45.1100, 6.202000000E+001, 4.128818490E-004, 5.167739524E-006, 2.273266268E-003, 4.726604293E+002, -2.098978963E-003, 1.286216360E-002, 2.285469818E-003
45.2100, 6.212000000E+001, 6.998056245E-004, 3.872302213E-006, 1.967816611E-003, 4.728908022E+002, -2.905463101E-003, 9.645055979E-003, 2.067844038E-003
45.3100, 6.222000000E+001, 8.516648670E-004, 3.051077946E-006, 1.746733507E-003, 4.726897953E+002, -1.640822156E-003, 9.853948839E-003, 1.925774976E-003
45.4100, 6.232000000E+001, 6.283452641E-004, 3.622356370E-006, 1.903248899E-003, 4.728827682E+002, -2.094233641E-003, 9.916613810E-003, 1.984106180E-003
45.5100, 6.242000000E+001, 5.398110681E-004, 3.493606441E-006, 1.869119162E-003, 4.730203682E+002, -1.848462154E-003, 1.002677996E-002, 1.925452345E-003
45.6100, 6.252000000E+001, -4.886428720E-005, 3.367772034E-006, 1.835149049E-003, 4.729737861E+002, -2.776243025E-003, 8.509150706E-003, 1.815301731E-003
