# Created by Octave 4.2.0, Mon Jun 05 12:38:38 2017 GMT <unknown@unknown>
# name: Alice
# type: matrix
# rows: 191
# columns: 3
 0 492.5 -390
 0.06666666667 493.148949 -389.5750088
 0.1333333333 497.4083011 -385.9591957
 0.2 501.0850066 -383.8050217
 0.2666666667 502.6771364 -388.0012031
 0.3333333333 503.6578319 -385.8854989
 0.4 505.3753639 -388.2153095
 0.4666666667 507.4590854 -387.6448755
 0.5333333333 513.859253 -384.3883364
 0.6 520.5133181 -384.7797558
 0.6666666667 523.1990625 -382.3222196
 0.7333333332999999 524.7092569 -380.5099824
 0.8 528.5723599 -380.3389526
 0.8666666667 529.8694815 -378.3497688
 0.9333333333 533.3933935 -376.0289349
 1 536.7150626 -371.1329775
 1.066666667 538.2276021 -369.9391915
 1.133333333 539.9953528 -364.2098584
 1.2 539.8002402 -362.4821412
 1.266666667 541.842986 -361.6595041
 1.333333333 539.7594286999999 -364.7367947
 1.4 543.6503913 -362.935966
 1.466666667 541.6111966 -362.6395748
 1.533333333 545.4901575 -356.6348139
 1.6 547.1747827 -354.0088816
 1.666666667 547.5895928 -350.354898
 1.733333333 551.85417 -351.481421
 1.8 553.4553429 -351.7486008
 1.866666667 553.4658897 -350.2045705
 1.933333333 557.0612515 -351.7888347
 2 557.993336 -355.5471051
 2.066666667 555.3852372 -354.2032313
 2.133333333 560.5365508 -348.3090408
 2.2 569.4369367 -346.3780683
 2.266666667 573.8084925000001 -344.0478727
 2.333333333 581.8339221 -340.1314142
 2.4 583.6517799 -339.1795204
 2.466666667 581.8326161 -335.0830452
 2.533333333 585.2708038 -331.0657554
 2.6 587.2566727 -328.7261625
 2.666666667 588.021939 -329.7526511
 2.733333333 585.4046282 -324.735788
 2.8 581.6451769 -321.3986338
 2.866666667 581.4489864 -318.1356804
 2.933333333 584.6852698 -317.5743752
 3 579.0637345 -315.2823795
 3.066666667 572.9784523 -310.9803139
 3.133333333 575.0837669 -309.968981
 3.2 574.9942923999999 -308.7176932
 3.266666667 576.9696097999999 -307.5411292
 3.333333333 580.5734255 -306.0921321
 3.4 581.1495848 -299.7589119
 3.466666667 583.7688029 -294.201849
 3.533333333 583.3817524999999 -290.5390898
 3.6 580.5808507 -289.9358006
 3.666666667 577.3637727 -284.1895954
 3.733333333 579.5948214 -283.5992181
 3.8 575.8627188 -277.0895463
 3.866666667 575.1205019 -276.0899182
 3.933333333 573.2119911 -273.8457633
 4 579.7801459 -271.7618239
 4.066666667 585.1942203999999 -262.3674992
 4.133333333 583.6251098 -257.5361651
 4.2 581.6714157 -252.1497748
 4.266666667 584.4419665 -244.0344402
 4.333333333 581.1267918 -233.533041
 4.4 583.1134519 -228.0267142
 4.466666667 585.0342499 -223.5231513
 4.533333333 592.1707403 -221.5022943
 4.6 590.701336 -222.0721577
 4.666666667 584.285221 -221.7970639
 4.733333333 585.8200045 -219.4354084
 4.8 587.7260273000001 -215.4205029
 4.866666667 590.3244539999999 -209.0232664
 4.933333333 591.2914502 -203.0852211
 5 591.6540093999999 -199.6901226
 5.066666667 593.4155125 -199.9334206
 5.133333333 592.3579268 -197.1079213
 5.2 594.7101805 -192.5858302
 5.266666667 598.3442848 -188.0823566
 5.333333333 597.3479536 -183.9570091
 5.4 597.5556067 -177.5697071
 5.466666667 599.2657964 -173.6040207
 5.533333333 601.1997337 -167.54683
 5.6 600.4952974 -161.9822965
 5.666666667 601.0128996 -161.3582364
 5.733333333 604.4336828 -161.4759561
 5.8 607.0853116 -155.5605981
 5.866666667 605.2851568999999 -153.199476
 5.933333333 606.602168 -149.6384106
 6 606.5834575 -147.9753761
 6.066666667 604.495066 -146.0929132
 6.133333333 604.6525229 -139.9569765
 6.2 604.0655153 -137.8025016
 6.266666667 604.0625033 -139.8835722
 6.333333333 604.8044721 -138.1676932
 6.4 608.1970156 -131.7547339
 6.466666667 609.0175303 -126.5959176
 6.533333333 610.3636749999999 -124.1418966
 6.6 611.4494971 -122.470442
 6.666666667 614.1075042 -118.3692491
 6.733333333 616.4046177 -114.7575189
 6.8 616.2301558 -114.3746511
 6.866666667 614.6978726999999 -109.0583533
 6.933333333 617.5150036 -99.85955953
 7 620.817302 -95.51372806000001
 7.066666667 626.1570528 -89.93011534999999
 7.133333333 626.5897103 -85.54608326
 7.2 629.6876751999999 -86.04667839
 7.266666667 630.4083816 -88.81828208
 7.333333333 632.1048127 -87.10305609
 7.4 632.8178621 -85.07873205999999
 7.466666667 633.5052205 -78.95552708
 7.533333333 629.2249313 -72.38925351
 7.6 634.3410031 -67.37278444
 7.666666667 639.5655596 -62.92889179
 7.733333333 640.2828177 -56.5175077
 7.8 640.73334 -51.11773183
 7.866666667 637.8147543 -48.42370912
 7.933333333 634.5953351000001 -44.61596253
 8 634.8037415 -38.84528534
 8.066666667 630.8133799 -41.30678743
 8.133333332999999 634.1030297 -40.95096899
 8.199999999999999 637.9878004 -37.81456775
 8.266666667000001 636.6486125 -38.70811992
 8.333333333000001 638.5568726 -33.24601847
 8.4 641.0834141 -28.17140046
 8.466666667 643.546681 -24.85924686
 8.533333333 644.75578 -23.05654104
 8.6 641.3666782 -17.25518951
 8.666666666999999 643.6545949 -14.70870123
 8.733333332999999 649.9763713999999 -9.417970605000001
 8.800000000000001 651.6651821 -5.501767706
 8.866666667000001 649.3174034 0.6564252006
 8.933333333 647.841424 2.696786595
 9 647.6791944 4.732519711
 9.066666667 649.8040832 5.18746722
 9.133333332999999 654.6203649 7.243544771
 9.199999999999999 657.830765 10.56440883
 9.266666667000001 658.6134969 14.93888559
 9.333333333000001 661.1392924 21.05077335
 9.4 662.4783619999999 25.13950887
 9.466666667 664 42.5
 9.533333333 664.1081457 46.2612603
 9.6 663.9092549 56.12392679
 9.666666666999999 671.5 64
 9.733333332999999 675.2430450000001 70.50557523000001
 9.800000000000001 672.0390877999999 79.26519813
 9.866666667000001 676.6049127 86.61710161000001
 9.933333333 677.3000808 90.69744498999999
 10 678.9031206 94.70683037000001
 10.06666667 682.2618527 99.15789775
 10.13333333 681.9936048 104.6215995
 10.2 675.5855607 106.6591964
 10.26666667 677.0018540999999 110.832648
 10.33333333 679.2652795 116.9926703
 10.4 676.3038508 116.8106093
 10.46666667 675.6721722 119.2139655
 10.53333333 677.2612955 125.3047965
 10.6 679.0136087 132.6818658
 10.66666667 681.6151341 134.9552591
 10.73333333 681.2494312 136.9708526
 10.8 684.7479704 139.0675233
 10.86666667 681.9336861 139.2017738
 10.93333333 683.54743 141.29378
 11 688.9293405 143.160177
 11.06666667 695.5698581 144.5204784
 11.13333333 697.3068707 151.0813819
 11.2 699.976694 161.2157823
 11.26666667 699.5202867 163.1868392
 11.33333333 698.3676547 166.9156444
 11.4 699.8018044 167.0973841
 11.46666667 698.4808319 169.485087
 11.53333333 700.6225689 171.1085077
 11.6 702.8118597 169.8183823
 11.66666667 702.0400253 171.8513862
 11.73333333 702.7208654 179.1869962
 11.8 704.7171071 185.8363606
 11.86666667 707.7879739 191.4812583
 11.93333333 708.965246 190.9962955
 12 710.7687816 194.7309029
 12.06666667 709.5629484999999 200.4742848
 12.13333333 711.1395666 204.201076
 12.2 712.3273253 208.6540461
 12.26666667 716.7888861 211.8840537
 12.33333333 716.4644935 212.158123
 12.4 715.7996236 216.098863
 12.46666667 715.6738664 218.107584
 12.53333333 718.3422561 223.569247
 12.6 722.0428231 225.3643502
 12.66666667 722.9282594 227.6


# name: Bob
# type: matrix
# rows: 263
# columns: 3
 3 -20 -746
 3.066666667 -17.26285459 -743.8934846
 3.133333333 -14.2367878 -739.9496736
 3.2 -15.88131299 -736.0556640999999
 3.266666667 -18.2330832 -732.1815784
 3.333333333 -19.05554307 -730.6979388
 3.4 -15.76089043 -729.2079183
 3.466666667 -14.53112413 -726.1522785
 3.533333333 -14.41750312 -721.9884348000001
 3.6 -13.0737413 -718.3640277
 3.666666667 -14.88608761 -714.2053994
 3.733333333 -19.83034363 -709.1870547
 3.8 -19.80905565 -706.3969589
 3.866666667 -17.98280086 -699.9608203
 3.933333333 -18.00646701 -693.0574554
 4 -19.89206947 -689.0790907000001
 4.066666667 -19.62883907 -683.2854359
 4.133333333 -21.92178604 -676.0851636
 4.2 -25.66116215 -671.9788572
 4.266666667 -30.59046604 -672.0236156
 4.333333333 -31.92060112 -671.9647883
 4.4 -30.75127835 -670.3331782
 4.466666667 -28.14243371 -670.2737909
 4.533333333 -26.95096031 -670.2385811
 4.6 -26.18784591 -662.2078245
 4.666666667 -27.91663284 -653.867795
 4.733333333 -26.01913161 -649.7593662
 4.8 -22.19100444 -645.1481252999999
 4.866666667 -23.34087656 -639.5769048
 4.933333333 -21.6363222 -637.8899757
 5 -23.66979849 -638.075457
 5.066666667 -24.17300404 -636.1352974
 5.133333333 -23.58010051 -634.1266354000001
 5.2 -22.87033378 -629.7893816
 5.266666667 -21.8724373 -629.8986191
 5.333333333 -20.57448705 -629.653939
 5.4 -17.2439394 -628.1316017
 5.466666667 -16.13835236 -626.5269784
 5.533333333 -12.515351 -623.7343583000001
 5.6 -11.98759818 -618.9933981
 5.666666667 -8.803604886 -608.7904442
 5.733333333 -5.180498552 -602.2857288
 5.8 -6.552467754 -595.8910757
 5.866666667 -6.565506695 -593.2060915
 5.933333333 -7.107593969 -586.0674217
 6 -7.070575163 -582.4602605
 6.066666667 -7.146834335 -578.4290346
 6.133333333 -1.935229195 -576.2352758
 6.2 -0.5221674965000001 -573.2601471
 6.266666667 0.895961545 -566.04481
 6.333333333 1.233400517 -562.10673
 6.4 -1.511736974 -557.8966356
 6.466666667 -4.86498401 -556.4057968
 6.533333333 -10.17777026 -555.9194244
 6.6 -9.395646098 -551.3958634000001
 6.666666667 -4.864510567 -554.3956935
 6.733333333 -3.311723454 -549.1421763
 6.8 -2.528941171 -540.3371485
 6.866666667 2.794879024 -538.8229693
 6.933333333 3.105789855 -539.8690354
 7 3.76855665 -536.3368042
 7.066666667 1.187531268 -538.0153958
 7.133333333 1.283889225 -538.5042985
 7.2 0.3148051817 -537.6483726
 7.266666667 3.856650622 -535.1143032
 7.333333333 2.275531514 -531.6420437
 7.4 4.266411913 -530.9800336
 7.466666667 5.148023851 -527.3804785999999
 7.533333333 4.348232066 -519.1648595
 7.6 10.06637931 -513.4611843
 7.666666667 11.93162401 -511.0375173
 7.733333333 11.69276221 -506.0076919
 7.8 12.15348049 -502.0844056
 7.866666667 13.40320218 -500.3828377
 7.933333333 12.0023716 -498.1226214
 8 11.67474058 -496.6998315
 8.066666667 11.65950555 -491.464908
 8.133333332999999 7.758102139 -483.6275012
 8.199999999999999 5.692017258 -484.0688642
 8.266666667000001 8.899330620000001 -481.8285347
 8.333333333000001 9.833952304 -476.9788295
 8.4 7.349502714 -473.0107668
 8.466666667 6.882034524 -466.6544599
 8.533333333 6.394475869 -460.8947195
 8.6 9.147244014 -456.7125183
 8.666666666999999 7.428060177 -451.014323
 8.733333332999999 4.802752568 -447.7701433
 8.800000000000001 1.817798377 -440.7712779
 8.866666667000001 1.205524115 -438.9554758
 8.933333333 2.255517152 -435.1292742
 9 1.617821194 -425.7900006
 9.066666667 4.030982472 -418.2536438
 9.133333332999999 8.282193035000001 -412.9485115
 9.199999999999999 4.848002186 -406.869607
 9.266666667000001 1.237055431 -404.7421245
 9.333333333000001 2.138862163 -403.7535005
 9.4 6.777466487 -404.2890696
 9.466666667 8.193487326 -405.5680721
 9.533333333 8.897538880999999 -399.9998471
 9.6 11.31546371 -393.2738417
 9.666666666999999 13.26376641 -389.6745425
 9.733333332999999 14.65576632 -384.6063162
 9.800000000000001 15.4073306 -381.573687
 9.866666667000001 18.96119702 -377.2880607
 9.933333333 20.12745652 -374.4843967
 10 18.05387751 -372.2764237
 10.06666667 17.87882549 -371.71572
 10.13333333 15.23263926 -366.7343697
 10.2 15.19856955 -358.3061614
 10.26666667 15.80303131 -351.932489
 10.33333333 15.88468008 -349.6499924
 10.4 19.50267187 -350.3059349
 10.46666667 21.55543412 -349.9619384
 10.53333333 24.35469068 -347.352493
 10.6 24.85062249 -345.8895137
 10.66666667 24.51570787 -344.3174335
 10.73333333 24.58870117 -343.292169
 10.8 23.10463971 -340.4881868
 10.86666667 19.11255838 -335.7456702
 10.93333333 24.81263716 -332.583821
 11 24.36627984 -331.6642505
 11.06666667 26.9973622 -332.435003
 11.13333333 26.62479776 -328.5276324
 11.2 27.09982815 -326.7050285
 11.26666667 29.20551854 -322.0695019
 11.33333333 34.62990676 -318.3173092
 11.4 36.00865244 -314.8374125
 11.46666667 39.45425236 -313.4649322
 11.53333333 42.93776935 -309.7844707
 11.6 43.04855712 -307.143238
 11.66666667 47.0661934 -300.7456043
 11.73333333 51.28127844 -297.4037552
 11.8 46.41609538 -290.3247272
 11.86666667 47.37595286 -285.0490406
 11.93333333 50.238963 -284.1100648
 12 49.74639928 -283.7608911
 12.06666667 48.34018523 -282.4623925
 12.13333333 47.15877509 -284.429383
 12.2 49.40170316 -283.2423331
 12.26666667 52.57615648 -278.6178005
 12.33333333 50.73936804 -272.1359075
 12.4 51.60095311 -265.6938429
 12.46666667 51.68743773 -262.2252307
 12.53333333 49.3844654 -256.3042803
 12.6 50.65639543 -250.1006199
 12.66666667 53.5292329 -244.100755
 12.73333333 50.38301568 -243.6295743
 12.8 50.77735945 -240.4030663
 12.86666667 50.7724007 -237.9131283
 12.93333333 50.28544268 -236.9921187
 13 52.99101606 -230.9896603
 13.06666667 55.11013811 -228.6955122
 13.13333333 56.64735572 -222.7112843
 13.2 58.81142657 -221.0597909
 13.26666667 60.75917937 -216.6731999
 13.33333333 64.61377314000001 -211.4923209
 13.4 64.92827964 -214.7243722
 13.46666667 65.51827776 -214.2817578
 13.53333333 66.42190349000001 -209.2641404
 13.6 68.34807379999999 -205.2240947
 13.66666667 68.13832245 -201.1991846
 13.73333333 68.54897486 -196.9129105
 13.8 71.65154903 -194.0147365
 13.86666667 72.92310078 -189.7320547
 13.93333333 74.6453746 -187.7539938
 14 77.65779692 -190.6792006
 14.06666667 79.99874785 -189.0498788
 14.13333333 79.76428881 -185.4723959
 14.2 83.82952375000001 -186.0624262
 14.26666667 82.28787282 -178.9887759
 14.33333333 86.43364599 -177.216988
 14.4 84.27338654 -173.4062308
 14.46666667 84.00075443999999 -171.531518
 14.53333333 84.43488951 -172.2195998
 14.6 87.96089361999999 -167.3363047
 14.66666667 90.7120994 -160.0217544
 14.73333333 98.10770857 -154.8232831
 14.8 103.6266711 -152.5898713
 14.86666667 106.8655853 -151.1823741
 14.93333333 105.250902 -150.9763345
 15 109.5765884 -146.9061133
 15.06666667 111.7990501 -147.0256666
 15.13333333 113.7569888 -142.5283962
 15.2 112.5052734 -140.6555218
 15.26666667 112.6897434 -136.5785351
 15.33333333 105.6845326 -135.6578294
 15.4 106.636415 -133.2219229
 15.46666667 107.8925972 -130.9621342
 15.53333333 106.6804616 -130.753528
 15.6 104.5254674 -126.9581407
 15.66666667 105.4830167 -122.3338395
 15.73333333 104.9115524 -120.8281364
 15.8 103.6472496 -120.4014661
 15.86666667 107.1982742 -114.851964
 15.93333333 109.7805103 -111.9087261
 16 111.1491402 -112.096209
 16.06666667 112.4975167 -108.3866694
 16.13333333 115.2715132 -98.04714884000001
 16.2 116.7963737 -97.21484117999999
 16.26666667 120.7013465 -96.65972626999999
 16.33333333 122.4938576 -94.20451903
 16.4 123.9455778 -91.77213629000001
 16.46666667 125.7343175 -87.68410638
 16.53333333 136.1996381 -82.42711208999999
 16.6 138.6686874 -80.79865167
 16.66666667 139.5137418 -79.06295104
 16.73333333 138.4636029 -72.20402835
 16.8 137.9162535 -67.49627699
 16.86666667 136.6749104 -61.72142312
 16.93333333 138.7709798 -59.73824775
 17 141.0020469 -59.5634399
 17.06666667 145.0393788 -60.07944398
 17.13333333 148.3710056 -53.99507264
 17.2 146.0672008 -45.91987791
 17.26666667 150.8976432 -40.19133265
 17.33333333 154.2440289 -35.81333794
 17.4 151.2450066 -29.93326464
 17.46666667 156.6125792 -30.41973561
 17.53333333 159.8320929 -24.45013141
 17.6 161.8357173 -24.03285477
 17.66666667 165.082189 -24.25492615
 17.73333333 167.2940598 -19.68984361
 17.8 165.6279758 -14.35879646
 17.86666667 162.6382132 -11.49130271
 17.93333333 162.7571425 -11.1744182
 18 165.27704 -12.36610267
 18.06666667 165.9176738 -16.30634598
 18.13333333 167.814295 -13.06819236
 18.2 169.1296157 -7.436307831
 18.26666667 172.311853 -4.321875817
 18.33333333 174.0759724 0.1442814791
 18.4 175.4998859 1.88462369
 18.46666667 176.8828895 1.704656172
 18.53333333 178.0148458 5.172126902
 18.6 179.7127165 7.506382682
 18.66666667 179.5650177 11.73951704
 18.73333333 180.2022023 14.68347078
 18.8 181.5100182 19.94128006
 18.86666667 182.0327462 21.25102121
 18.93333333 182.982974 26.04077281
 19 181.6500381 30.21284848
 19.06666667 183.0786624 37.36760846
 19.13333333 186.0064096 42.58384871
 19.2 185.3110271 46.20172213
 19.26666667 186.1915614 47.8994958
 19.33333333 185.0786765 50.16588052
 19.4 193.0859903 54.95398138
 19.46666667 191.9452452 58.50363989
 19.53333333 191.6363537 64.09516840000001
 19.6 189.6469342 70.81243504
 19.66666667 187.7591237 76.21173586
 19.73333333 187.0440489 78.06189712
 19.8 185.6640645 77.79819184999999
 19.86666667 183.0458116 75.7813196
 19.93333333 182.3606277 75.50381821000001
 20 181.7994021 79.38199095
 20.06666667 181.976772 85.05580764
 20.13333333 184.1718875 92.20597085999999
 20.2 187.610033 99.24861018
 20.26666667 188.2074392 103.3733122
 20.33333333 187.7778463 105.0981565
 20.4 190.1405974 111.8471597
 20.46666667 195.7889733 114.8642009


# name: Carl
# type: matrix
# rows: 194
# columns: 3
 1.466666667 -298.5 -484
 1.533333333 -300.3186767 -486.3503669
 1.6 -300.6053585 -483.1944593
 1.666666667 -301.8414179 -477.5704223
 1.733333333 -297.2947944 -472.2229974
 1.8 -295.3264515 -470.3165329
 1.866666667 -293.3661121 -464.5828697
 1.933333333 -290.7026964 -456.3604537
 2 -286.5575614 -450.6518838
 2.066666667 -282.9840255 -450.524879
 2.133333333 -276.065429 -446.2673317
 2.2 -273.0594485 -443.8212515
 2.266666667 -269.0404356 -440.8025914
 2.333333333 -266.7398533 -440.1722377
 2.4 -267.6778309 -430.0146515
 2.466666667 -270.8135887 -424.1020222
 2.533333333 -268.8593397 -420.2709394
 2.6 -268.0991942 -419.034311
 2.666666667 -266.5500506 -415.3607603
 2.733333333 -270.3524187 -408.8022437
 2.8 -268.8112189 -403.948935
 2.866666667 -266.6277391 -398.9126165
 2.933333333 -264.8097351 -395.1758173
 3 -262.3973647 -393.6338269
 3.066666667 -261.116333 -390.1035582
 3.133333333 -259.4931471 -386.2909029
 3.2 -257.4913812 -379.2433116
 3.266666667 -256.2258447 -378.2813433
 3.333333333 -251.5915948 -377.1797205
 3.4 -248.3972154 -379.3323873
 3.466666667 -250.0852088 -375.1051229
 3.533333333 -249.0866692 -369.8795627
 3.6 -250.4441646 -365.6229957
 3.666666667 -253.5132943 -362.4776828
 3.733333333 -252.6741959 -358.1781387
 3.8 -254.545093 -353.8947449
 3.866666667 -254.0861927 -352.1888179
 3.933333333 -255.0147341 -349.7920718
 4 -256.1785856 -348.0763154
 4.066666667 -256.711906 -344.7342947
 4.133333333 -258.0224992 -341.9215184
 4.2 -256.2931179 -342.3680961
 4.266666667 -258.7924805 -340.4158617
 4.333333333 -256.3787859 -329.6174789
 4.4 -255.6703694 -326.0292636
 4.466666667 -255.6371973 -326.7131476
 4.533333333 -258.6965948 -324.3796495
 4.6 -262.4302617 -322.1458753
 4.666666667 -259.8093728 -316.2685687
 4.733333333 -261.0656231 -315.979916
 4.8 -258.4814642 -317.2418153
 4.866666667 -253.5747136 -314.921977
 4.933333333 -249.8701919 -312.6308477
 5 -247.7934108 -311.2475508
 5.066666667 -248.3868283 -308.7345184
 5.133333333 -249.1742463 -309.6909136
 5.2 -249.3050344 -305.5937184
 5.266666667 -251.2397233 -304.1955459
 5.333333333 -252.8218499 -298.2837582
 5.4 -249.8723301 -291.6724329
 5.466666667 -247.3387274 -287.1287741
 5.533333333 -243.9480312 -281.488076
 5.6 -246.7176452 -275.7042611
 5.666666667 -244.1187781 -270.2111373
 5.733333333 -241.5030874 -268.5567466
 5.8 -239.8846609 -264.7395971
 5.866666667 -235.636624 -259.2042562
 5.933333333 -235.3682152 -258.9503731
 6 -235.1112278 -262.8132018
 6.066666667 -235.4619962 -257.3182376
 6.133333333 -233.908859 -256.5085774
 6.2 -233.9202353 -257.6402637
 6.266666667 -234.6196825 -254.0317508
 6.333333333 -233.0325027 -251.6696218
 6.4 -232.707768 -249.9986987
 6.466666667 -226.1842649 -244.4538914
 6.533333333 -220.4589755 -243.0888159
 6.6 -218.9072031 -242.3319745
 6.666666667 -217.3455903 -241.0129216
 6.733333333 -219.1472367 -235.6625923
 6.8 -220.4214517 -229.5220628
 6.866666667 -221.4770458 -222.932991
 6.933333333 -219.4302159 -218.5733398
 7 -213.0887233 -221.2130992
 7.066666667 -205.1846868 -217.9295851
 7.133333333 -204.3876426 -213.1732406
 7.2 -203.1227691 -204.251338
 7.266666667 -204.7636293 -201.8724744
 7.333333333 -207.6138491 -199.6415047
 7.4 -213.1894977 -194.8546942
 7.466666667 -212.445233 -189.3606847
 7.533333333 -208.3532223 -186.5161563
 7.6 -208.0332218 -185.4678256
 7.666666667 -209.1087835 -178.9762398
 7.733333333 -207.5649968 -173.1217576
 7.8 -202.84466 -172.6254741
 7.866666667 -203.4902261 -169.1650366
 7.933333333 -207.0473392 -165.7188561
 8 -205.0667436 -163.9115181
 8.066666667 -205.1399513 -161.0092949
 8.133333332999999 -205.3203487 -156.2929689
 8.199999999999999 -201.4208497 -153.1454088
 8.266666667000001 -199.7135821 -147.1444754
 8.333333333000001 -203.9250623 -142.9115668
 8.4 -207.3922999 -139.5957308
 8.466666667 -209.595608 -142.6297059
 8.533333333 -211.9005155 -139.7463195
 8.6 -209.2025078 -135.0152758
 8.666666666999999 -203.347912 -129.2519127
 8.733333332999999 -202.2923757 -120.6040812
 8.800000000000001 -202.8898217 -117.9833622
 8.866666667000001 -207.298191 -117.7336414
 8.933333333 -203.9680247 -111.803205
 9 -204.009648 -107.6670288
 9.066666667 -205.7834652 -102.4346114
 9.133333332999999 -203.3376826 -100.5386701
 9.199999999999999 -203.0905815 -95.63680865000001
 9.266666667000001 -205.185532 -82.37800652999999
 9.333333333000001 -206.4538668 -79.77492169999999
 9.4 -204.2277545 -76.25921636
 9.466666667 -204.4534894 -73.90998578999999
 9.533333333 -203.057792 -68.07491884
 9.6 -199.6095302 -59.73551739
 9.666666666999999 -203.4200031 -58.14561479
 9.733333332999999 -198.7936633 -51.28233832
 9.800000000000001 -199.1917074 -45.11468597
 9.866666667000001 -198.0504921 -38.02699423
 9.933333333 -196.0668763 -33.47855744
 10 -197.9245427 -27.61208471
 10.06666667 -198.0419944 -27.39627555
 10.13333333 -194.6149851 -22.61457974
 10.2 -194.151329 -20.8297901
 10.26666667 -194.7002126 -16.57621189
 10.33333333 -192.5027298 -10.97440824
 10.4 -192.8232017 -7.037407678
 10.46666667 -189.8746713 -4.525818014
 10.53333333 -189.8174364 3.253913164
 10.6 -188.2799637 6.617621077
 10.66666667 -185.9596192 12.42266765
 10.73333333 -183.0782199 19.92413082
 10.8 -183.7010619 19.72209508
 10.86666667 -186.063684 22.90810361
 10.93333333 -182.6138561 27.52261142
 11 -182.5006467 27.65611485
 11.06666667 -185.780463 31.51294354
 11.13333333 -187.139288 34.47540954
 11.2 -189.2514474 36.20353428
 11.26666667 -189.6521525 39.81971271
 11.33333333 -186.867541 45.1723224
 11.4 -186.1941839 48.5863618
 11.46666667 -182.2918601 47.59967036
 11.53333333 -183.6690775 51.56126604
 11.6 -182.4777032 59.0266803
 11.66666667 -185.1285916 63.46895203
 11.73333333 -184.4080823 67.39117527000001
 11.8 -178.2293791 73.10329517
 11.86666667 -172.4327161 79.47076546
 11.93333333 -173.1924522 83.39646841
 12 -170.2736056 87.82283266
 12.06666667 -173.7360354 98.66719003
 12.13333333 -171.0231501 102.8520907
 12.2 -169.5787786 102.8550242
 12.26666667 -165.9647497 107.0850666
 12.33333333 -161.1365972 110.3440987
 12.4 -155.2921969 117.7245543
 12.46666667 -153.7420115 123.4309378
 12.53333333 -153.2509924 128.0282387
 12.6 -155.4240995 132.2620485
 12.66666667 -155.2235426 135.2006858
 12.73333333 -157.1472082 141.7205433
 12.8 -156.5345204 148.4804171
 12.86666667 -156.1597358 155.8034688
 12.93333333 -158.5332189 156.3751335
 13 -156.4904918 158.2760725
 13.06666667 -153.7067259 158.4331426
 13.13333333 -151.2653293 161.3759077
 13.2 -153.8861704 165.6828492
 13.26666667 -156.7630195 170.5838584
 13.33333333 -157.1963191 169.3884152
 13.4 -158.2984269 172.9323738
 13.46666667 -156.5459534 175.1436783
 13.53333333 -156.6535136 180.6679038
 13.6 -150.2712558 185.4019236
 13.66666667 -148.5222809 187.1564293
 13.73333333 -146.0135533 194.2075475
 13.8 -144.5337458 199.9379348
 13.86666667 -144.0224666 207.3213057
 13.93333333 -139.8537627 213.0068462
 14 -140.233387 217.7063583
 14.06666667 -140.2417122 219.0865978
 14.13333333 -135.6738188 218.9369661
 14.2 -130.202501 222.8192283
 14.26666667 -125.1722117 225.3079752
 14.33333333 -124.326425 227.6


