# Created by Octave 4.2.0, Mon Jun 05 20:20:11 2017 GMT <unknown@unknown>
# name: Alicia
# type: matrix
# rows: 492
# columns: 3
 9.333333333000001 660.5 -482.5
 9.4 662.2922984 -478.679359
 9.466666667 658.8050928 -478.4011847
 9.533333333 655.2184134 -478.236154
 9.6 652.6125446999999 -477.5425547
 9.666666666999999 646.948503 -474.3168116
 9.733333332999999 644.9091971 -471.6693803
 9.800000000000001 646.2108898 -472.6992454
 9.866666667000001 646.9608405 -471.0363922
 9.933333333 648.6019065 -469.8623094
 10 646.1701507 -472.0863541
 10.06666667 643.0522721999999 -475.1525288
 10.13333333 643.7797498 -478.0985259
 10.2 640.6066778000001 -474.3128014
 10.26666667 638.1401088 -467.4561791
 10.33333333 634.4981901 -465.5175739
 10.4 630.4413005 -464.5420292
 10.46666667 625.6071495 -464.5164061
 10.53333333 621.3757223 -464.8397383
 10.6 615.6986306 -463.4871086
 10.66666667 608.1756541 -462.7115075
 10.73333333 610.3912864 -456.9922844
 10.8 613.4426384 -454.8374605
 10.86666667 611.4958784 -451.2094786
 10.93333333 608.1536986999999 -452.8769174
 11 606.9690416 -452.3640866
 11.06666667 600.5867055 -456.8577424
 11.13333333 594.8126008 -456.3679473
 11.2 596.0494785 -452.3529173
 11.26666667 598.4322377 -448.7436682
 11.33333333 598.1192704 -448.4872797
 11.4 596.6243246 -446.5501078
 11.46666667 596.765143 -444.5062804
 11.53333333 596.7800555 -442.7817251
 11.6 596.6065874 -440.809599
 11.66666667 600.1117551999999 -438.648173
 11.73333333 601.3961475999999 -440.2004483
 11.8 600.5944859 -442.6984801
 11.86666667 596.7651722000001 -444.6980616
 11.93333333 592.9155768000001 -444.3952524
 12 592.7146718 -442.9156859
 12.06666667 593.1067246 -442.7797113
 12.13333333 593.9542044999999 -439.3497379
 12.2 593.4507311 -439.7886361
 12.26666667 591.2902577 -443.6903096
 12.33333333 587.8189621 -441.5592467
 12.4 589.2021457 -439.390637
 12.46666667 588.9459353 -435.9987772
 12.53333333 583.7602739 -433.3914586
 12.6 582.7297727 -433.5128075
 12.66666667 585.9166759 -433.6046624
 12.73333333 584.3570676000001 -433.4429551
 12.8 583.9576874000001 -431.5927982
 12.86666667 585.7670436 -429.5189378
 12.93333333 585.724821 -420.5587336
 13 577.9405508999999 -423.2493172
 13.06666667 577.5357119 -424.8172882
 13.13333333 573.9196161 -425.3450169
 13.2 573.2479059999999 -422.4916371
 13.26666667 571.4207004 -419.7614543
 13.33333333 570.9352705 -422.3640621
 13.4 573.0420061 -421.4243685
 13.46666667 573.5501179 -417.0798695
 13.53333333 570.6315359 -411.7016413
 13.6 567.2364782 -410.1718567
 13.66666667 563.2928848 -409.762889
 13.73333333 563.2611618 -406.851097
 13.8 559.7040424 -404.5010425
 13.86666667 557.1278804999999 -400.3093773
 13.93333333 557.3318993 -404.8511871
 14 558.302748 -404.5407004
 14.06666667 560.1819475 -401.8492474
 14.13333333 563.0341465 -397.6905175
 14.2 559.7968145 -393.3171618
 14.26666667 558.6419792 -391.7368247
 14.33333333 554.8203223 -385.3443491
 14.4 547.3271877 -382.8926001
 14.46666667 543.2112167 -381.6349245
 14.53333333 537.8272842 -376.0805923
 14.6 540.2437846 -371.403665
 14.66666667 537.7841587 -364.5239815
 14.73333333 534.3164967 -359.7678166
 14.8 534.2579903 -358.6313369
 14.86666667 532.3772713 -358.8160626
 14.93333333 529.1634754 -354.2548011
 15 526.474704 -351.5300148
 15.06666667 529.1262128 -351.503432
 15.13333333 527.6188176000001 -349.6615059
 15.2 528.4749452 -345.9857366
 15.26666667 529.4440796 -345.5135528
 15.33333333 527.5937574 -341.5500834
 15.4 529.7587461000001 -337.3760202
 15.46666667 531.5138775 -339.4849137
 15.53333333 529.7112188999999 -343.3302871
 15.6 531.1342089 -344.4720333
 15.66666667 527.4007455 -341.4571061
 15.73333333 527.6858361 -342.4658927
 15.8 527.2604722999999 -342.5463493
 15.86666667 525.7870577 -337.8276512
 15.93333333 523.7251525 -340.6465871
 16 519.2311977000001 -336.4336069
 16.06666667 513.190067 -328.190597
 16.13333333 507.2299536 -319.9407009
 16.2 505.5556603 -311.8687399
 16.26666667 503.8452085 -301.1656693
 16.33333333 505.4332647 -297.7336602
 16.4 503.6066619 -297.4263417
 16.46666667 497.7318861 -299.5037973
 16.53333333 495.3467286 -297.3982118
 16.6 490.1430583 -296.5002807
 16.66666667 490.9576283 -291.7915146
 16.73333333 488.4704193 -291.0310211
 16.8 488.41031 -291.1486793
 16.86666667 483.8222796 -285.6475529
 16.93333333 483.2665261 -279.8990126
 17 479.0227356 -276.819222
 17.06666667 477.8779769 -275.815625
 17.13333333 477.080548 -275.7505293
 17.2 475.8873671 -269.4313409
 17.26666667 477.0599227 -266.3621674
 17.33333333 473.7833719 -267.0433747
 17.4 473.5864028 -264.2774945
 17.46666667 469.8624732 -262.134887
 17.53333333 467.965136 -259.3331231
 17.6 462.6306914 -255.1209278
 17.66666667 464.1971205 -251.2973686
 17.73333333 464.2558282 -251.4439043
 17.8 466.193565 -252.0216395
 17.86666667 466.2049273 -247.4582749
 17.93333333 463.5756604 -240.5349247
 18 463.4193312 -241.7551053
 18.06666667 463.4030717 -245.5609875
 18.13333333 461.9259535 -245.0832899
 18.2 460.8970752 -240.7214034
 18.26666667 458.4003211 -237.3409939
 18.33333333 460.7215893 -233.0429583
 18.4 459.5695236 -228.6697004
 18.46666667 460.3908929 -223.2614404
 18.53333333 458.9794959 -217.5500346
 18.6 458.6136204 -217.702079
 18.66666667 457.4678776 -214.5180123
 18.73333333 458.8241929 -216.1749189
 18.8 459.527266 -215.5643206
 18.86666667 456.0880811 -213.7764034
 18.93333333 450.7917892 -208.2630156
 19 452.5098296 -203.9943012
 19.06666667 450.0579765 -199.5843328
 19.13333333 446.5109816 -199.091484
 19.2 440.8468545 -199.9854933
 19.26666667 438.7219592 -195.4633444
 19.33333333 436.2297952 -196.610973
 19.4 432.5487491 -195.1514743
 19.46666667 427.3684423 -195.3734188
 19.53333333 424.2820575 -192.8136254
 19.6 424.6103423 -191.4622211
 19.66666667 420.3417576 -187.4845356
 19.73333333 417.014697 -190.1417887
 19.8 416.2540484 -188.1427612
 19.86666667 418.4629356 -185.199222
 19.93333333 419.491098 -185.0350795
 20 418.0708506 -181.6089853
 20.06666667 417.7044469 -177.4499052
 20.13333333 417.887933 -170.9559334
 20.2 417.0652694 -169.4634803
 20.26666667 410.0521052 -155.9797781
 20.33333333 410.072748 -149.8131977
 20.4 407.1707797 -144.8411388
 20.46666667 406.7057727 -143.5603173
 20.53333333 405.1090879 -143.8390699
 20.6 404.1536809 -137.0386927
 20.66666667 403.6813344 -135.4128648
 20.73333333 406.4787054 -131.4021217
 20.8 408.6317198 -125.6395664
 20.86666667 406.8385257 -123.4706848
 20.93333333 402.5354289 -118.8926247
 21 402.1629902 -115.3183745
 21.06666667 398.6369604 -111.775142
 21.13333333 394.8352349 -110.1190289
 21.2 392.2454515 -107.2695906
 21.26666667 392.3592829 -106.393639
 21.33333333 388.8350534 -105.7563515
 21.4 382.982364 -105.27039
 21.46666667 382.8950816 -103.4039577
 21.53333333 382.3779766 -95.35192816999999
 21.6 378.9582326 -91.33665836999999
 21.66666667 378.8090347 -87.52674322
 21.73333333 372.0885214 -83.06892705
 21.8 366.9095539 -82.3736092
 21.86666667 367.3556507 -81.0218879
 21.93333333 364.6486714 -79.88233135999999
 22 362.517147 -79.53193936
 22.06666667 360.1732309 -73.77378707
 22.13333333 358.9842823 -71.70620608
 22.2 366.3826711 -70.10948126
 22.26666667 367.4255047 -67.19706780999999
 22.33333333 369.7781556 -65.98940182
 22.4 367.8375704 -65.51137327000001
 22.46666667 368.8557168 -59.16289926
 22.53333333 368.9819654 -62.67556567
 22.6 362.8596697 -65.24080949
 22.66666667 361.4721269 -67.42835267
 22.73333333 362.4071339 -67.79739183
 22.8 361.1170996 -64.07046896
 22.86666667 364.4742428 -61.74200639
 22.93333333 361.1704645 -60.32467065
 23 364.565481 -61.86510859
 23.06666667 359.419073 -64.15209231999999
 23.13333333 350.8671037 -63.02149287
 23.2 342.8914294 -59.39962702
 23.26666667 339.1338375 -61.24048714
 23.33333333 337.9189384 -59.64555307
 23.4 337.4781493 -55.31103
 23.46666667 333.8889634 -50.64407325
 23.53333333 331.1317153 -47.45702848
 23.6 329.0169907 -49.34843068
 23.66666667 329.480114 -49.68165926
 23.73333333 330.5399717 -47.28412732
 23.8 329.9577703 -47.23281484
 23.86666667 329.0347447 -48.85739844
 23.93333333 327.6561042 -46.32939534
 24 325.7690392 -43.3456693
 24.06666667 327.4664545 -37.93835173
 24.13333333 329.3281765 -35.24404221
 24.2 324.1586582 -37.98806242
 24.26666667 321.9260494 -35.13812153
 24.33333333 315.8809857 -33.13937746
 24.4 313.0829391 -28.42618608
 24.46666667 307.4584315 -27.03325643
 24.53333333 305.6093507 -27.38054863
 24.6 305.4223955 -23.26555625
 24.66666667 302.7003235 -20.72960689
 24.73333333 303.184638 -14.75686564
 24.8 299.1285242 -12.28109352
 24.86666667 297.3371851 -10.19451233
 24.93333333 298.952159 -8.531439066000001
 25 299.60269 -2.944762589
 25.06666667 301.5716081 1.474983479
 25.13333333 305.385852 2.626403794
 25.2 304.0055267 3.777319158
 25.26666667 307.0559817 4.712510631
 25.33333333 312.2932838 7.373648654
 25.4 311.6497933 9.925198617
 25.46666667 312.1646968 10.50056964
 25.53333333 313.7500646 13.64568726
 25.6 309.5526607 16.58053348
 25.66666667 306.756895 19.22306442
 25.73333333 306.844595 23.2466722
 25.8 308.1196276 23.63455201
 25.86666667 308.2420279 20.37618954
 25.93333333 305.8862409 22.83591189
 26 307.0135479 25.8548882
 26.06666667 305.2347926 22.34906046
 26.13333333 300.6832066 21.0474076
 26.2 299.1699883 21.89630818
 26.26666667 294.1001356 24.95019181
 26.33333333 292.3329207 26.37717679
 26.4 290.2284939 26.21308062
 26.46666667 288.6780047 25.63742667
 26.53333333 291.8389743 30.18583175
 26.6 288.6112606 37.45509615
 26.66666667 283.5218039 39.96646618
 26.73333333 277.2548829 38.78246443
 26.8 273.7260046 36.9281281
 26.86666667 276.3185346 36.27168495
 26.93333333 270.5472277 32.99724345
 27 272.8292791 30.88545543
 27.06666667 271.4086251 30.35991495
 27.13333333 274.5504467 24.97361093
 27.2 278.9319828 23.82712434
 27.26666667 279.2007684 26.60697507
 27.33333333 281.9056022 27.68892747
 27.4 283.7499668 26.40995562
 27.46666667 282.8881288 19.73072823
 27.53333333 282.0929995 18.24467991
 27.6 287.2484498 16.69330176
 27.66666667 283.1931337 18.10019323
 27.73333333 284.4177236 20.43495623
 27.8 286.7959997 19.91261534
 27.86666667 290.6260052 17.64081887
 27.93333333 287.7605836 11.37295602
 28 289.3879853 12.05940296
 28.06666667 288.2277987 13.58897771
 28.13333333 288.0420659 13.63020304
 28.2 286.8075147 15.85575622
 28.26666667 284.515692 15.34678069
 28.33333333 283.1435237 15.23983562
 28.4 285.7004642 17.27073687
 28.46666667 283.8001526 21.05283944
 28.53333333 283.5926842 17.56396639
 28.6 277.6684111 23.35052961
 28.66666667 275.8451499 25.36833967
 28.73333333 276.9688502 29.67906767
 28.8 275.5993028 29.88099697
 28.86666667 274.7046024 28.58856667
 28.93333333 271.2680137 24.62000881
 29 271.4309692 28.15668074
 29.06666667 276.946985 31.78112316
 29.13333333 275.1259005 33.0685634
 29.2 277.4219008 31.0681062
 29.26666667 278.9511982 36.64597117
 29.33333333 278.8075505 38.86405056
 29.4 280.8451801 45.27750647
 29.46666667 278.3163762 47.3971886
 29.53333333 277.1449947 48.6792445
 29.6 277.5195898 43.59083573
 29.66666667 279.9317648 39.491966
 29.73333333 279.0576943 39.16568638
 29.8 278.1066089 39.70128526
 29.86666667 281.4980637 38.82156472
 29.93333333 280.9485038 35.56191488
 30 282.2652936 35.2576688
 30.06666667 279.6647245 36.03375123
 30.13333333 277.2317722 34.62987894
 30.2 279.1416639 32.75520655
 30.26666667 281.6314759 33.71203272
 30.33333333 281.7495503 35.86434635
 30.4 280.280716 39.58112464
 30.46666667 273.7194327 38.41114603
 30.53333333 278.0912084 38.24384612
 30.6 277.0840386 36.27610402
 30.66666667 273.4556811 38.37070075
 30.73333333 261.8990063 41.48147573
 30.8 257.4475555 44.74398317
 30.86666667 254.1102263 46.62498783
 30.93333333 250.3349752 50.13612891
 31 248.4894253 54.53011216
 31.06666667 248.2703003 55.79032272
 31.13333333 244.9328815 54.26566859
 31.2 242.1107539 54.70976598
 31.26666667 240.6454217 59.49465766
 31.33333333 235.1372417 62.76118702
 31.4 230.60232 64.38218295999999
 31.46666667 229.5052231 63.35216695
 31.53333333 225.7246341 61.88572781
 31.6 226.043921 60.73869924
 31.66666667 222.269668 59.86147106
 31.73333333 222.8386644 59.76084905
 31.8 219.8413304 57.30573225
 31.86666667 212.2881411 59.56949422
 31.93333333 208.4248979 61.87487828
 32 211.331578 61.63262951
 32.06666667 208.6764384 59.68761997
 32.13333333 208.7084091 62.55858359
 32.2 205.9271739 67.34680788
 32.26666667 204.1134664 70.03186928
 32.33333333 202.9953139 74.19357562
 32.4 200.3032949 76.27533936
 32.46666667 199.4296601 82.02012919000001
 32.53333333 195.5226227 84.49236137
 32.6 192.4562038 83.34940159999999
 32.66666667 186.5131109 81.91496859999999
 32.73333333 185.7241318 80.2685007
 32.8 184.0806477 82.2279233
 32.86666667 179.0204413 82.98469143
 32.93333333 179.8260022 84.91614303
 33 178.2111612 86.8653218
 33.06666667 174.8691771 90.35122315
 33.13333333 172.2429324 97.44101211
 33.2 167.2635024 94.17285486
 33.26666667 164.6813748 98.24855967000001
 33.33333333 163.9636871 102.2790501
 33.4 159.4789071 104.4763456
 33.46666667 156.3323598 106.4925226
 33.53333333 153.6228432 107.9492489
 33.6 147.7676964 109.6896651
 33.66666667 135.845128 116.0901237
 33.73333333 130.5712067 118.338521
 33.8 124.8972981 118.348587
 33.86666667 117.7421104 118.214927
 33.93333333 105.1892823 118.3094942
 34 93.33497876 126.4097943
 34.06666667 80.80493982 136.1915165
 34.13333333 77.7554995 137.485862
 34.2 79.03480054000001 132.4460007
 34.26666667 79.11175068999999 130.2249992
 34.33333333 77.60197484 130.18891
 34.4 73.73700952999999 128.0112758
 34.46666667 71.63619652 126.3056219
 34.53333333 68.48389932000001 128.4874005
 34.6 67.87841263 130.2156533
 34.66666667 67.7715979 128.3811767
 34.73333333 71.06780374 129.013767
 34.8 71.73345263 128.3270005
 34.86666667 71.59521035 125.4632807
 34.93333333 73.95353113 123.4157163
 35 73.59955513 125.6739053
 35.06666667 73.27181692000001 122.5871445
 35.13333333 75.70755346999999 121.0348176
 35.2 79.1821149 125.0295945
 35.26666667 79.33601346 126.0842676
 35.33333333 81.53441088 122.6362797
 35.4 81.39380524000001 121.9187567
 35.46666667 79.66440171000001 119.5463751
 35.53333333 77.77446114999999 117.3651519
 35.6 77.57570364999999 116.5824939
 35.66666667 77.95558817 118.8565586
 35.73333333 77.51890418000001 120.9204909
 35.8 78.97454311 123.4871115
 35.86666667 78.21062430000001 126.3987603
 35.93333333 79.69302015 127.3274066
 36 78.82397039999999 126.8682539
 36.06666667 79.42472488999999 128.1715838
 36.13333333 81.06468328 129.1423742
 36.2 84.54385004 129.7452555
 36.26666667 85.78530268 128.6340795
 36.33333333 81.7645117 127.6741165
 36.4 81.49418978 128.5681033
 36.46666667 77.64823225000001 126.8057461
 36.53333333 75.26263092000001 125.5277157
 36.6 78.24034020000001 124.0603847
 36.66666667 81.7040076 126.499073
 36.73333333 87.25663728000001 122.9830917
 36.8 85.6880511 121.5074165
 36.86666667 88.03487266 122.5093891
 36.93333333 88.57983316000001 119.1487179
 37 85.7625809 120.6670359
 37.06666667 79.17766382000001 122.9005805
 37.13333333 77.64431020000001 125.3104381
 37.2 78.27857818 125.4591403
 37.26666667 78.55635336 121.3105633
 37.33333333 75.88985218000001 121.6785163
 37.4 77.97531078999999 120.1851874
 37.46666667 72.91723723 122.3248973
 37.53333333 68.63656459000001 122.7505398
 37.6 70.56386264 121.2298849
 37.66666667 67.69009436 122.4848812
 37.73333333 63.50376827 122.1092316
 37.8 62.13290047 121.1004857
 37.86666667 56.02518652 121.1510734
 37.93333333 53.3096161 121.1999134
 38 48.62786472 122.3824996
 38.06666667 42.29751864 127.089381
 38.13333333 34.50174075 130.6526142
 38.2 34.58828247 131.4667851
 38.26666667 31.88631586 132.9576105
 38.33333333 30.45232912 132.9674187
 38.4 18.13673472 131.8119695
 38.46666667 12.79247935 132.6517327
 38.53333333 12.38998963 131.8788421
 38.6 11.07289486 132.4445326
 38.66666667 10.57492132 132.0466576
 38.73333333 9.463532932 130.8538858
 38.8 8.784032244 131.9507014
 38.86666667 5.984154153 129.4567389
 38.93333333 2.689935056 133.5854877
 39 3.068987773 133.6918844
 39.06666667 -1.79653659 137.722001
 39.13333333 -6.125088797 137.571815
 39.2 -8.803742044 139.7794498
 39.26666667 -9.930900931 145.3360303
 39.33333333 -11.60414992 151.5048262
 39.4 -16.87068962 149.3092978
 39.46666667 -17.1932714 151.635698
 39.53333333 -22.79475559 147.0780113
 39.6 -24.31923995 149.3639794
 39.66666667 -24.3925834 149.7919376
 39.73333333 -24.89360945 149.4196306
 39.8 -23.80292244 147.7109986
 39.86666667 -23.51286394 148.3507659
 39.93333333 -27.38667375 152.2913896
 40 -27.2501603 153.6281769
 40.06666667 -31.17615957 151.1450647
 40.13333333 -31.23154215 151.8267114
 40.2 -28.40676971 151.1599426
 40.26666667 -28.4888654 155.2745169
 40.33333333 -29.99355122 158.7079873
 40.4 -29.37312329 161.8141559
 40.46666667 -25.66454993 164.5072518
 40.53333333 -24.05283922 165.2323972
 40.6 -23.91718922 169.1238548
 40.66666667 -25.2664606 172.1870378
 40.73333333 -28.11774226 178.8043954
 40.8 -35.70005398 187.0559548
 40.86666667 -41.04770212 190.6143526
 40.93333333 -45.66923056 193.3364375
 41 -53.12952691 193.5897344
 41.06666667 -57.46943149 199.9501075
 41.13333333 -64.5 208
 41.2 -68.24601134 209.7199451
 41.26666667 -77.21127303 212.4623507
 41.33333333 -88.42107276999999 217.6526009
 41.4 -98.45095440999999 221.6812048
 41.46666667 -110.042179 226.0632706
 41.53333333 -122.2018158 229.6670628
 41.6 -128.9225296 230.144469
 41.66666667 -135.5564269 232.6
 41.73333333 -138.7650264 232.6
 41.8 -147.3760775 232.6
 41.86666667 -141.3896888 232.6
 41.93333333 -134.7056118 232.6
 42 -130.8049708 232.6
 42.06666667 -130.1132513 232.6


# name: Berto
# type: matrix
# rows: 217
# columns: 3
 0.8 938.5 -112.5
 0.8666666667 938.3633307 -109.2801137
 0.9333333333 940.354562 -109.1644032
 1 940.9381595 -107.6139211
 1.066666667 941.4050849 -107.2050445
 1.133333333 941.5414753 -105.5814233
 1.2 940.3563106 -110.5778255
 1.266666667 938.764714 -111.1299937
 1.333333333 937.0182346 -107.5818736
 1.4 936.553951 -104.3782596
 1.466666667 937.7134208 -93.24905672
 1.533333333 935.9877014 -90.13454332000001
 1.6 932.8418194 -90.53332485
 1.666666667 927.8761257 -91.70711996
 1.733333333 926.7402074 -87.99990969
 1.8 924.813666 -85.86191472
 1.866666667 921.0360482 -81.7705014
 1.933333333 922.0085334 -82.36153279
 2 922.9801406 -80.69500244
 2.066666667 917.7644620999999 -81.20190078
 2.133333333 919.7106347 -78.37293668
 2.2 918.8413197 -78.81043242
 2.266666667 915.3252917999999 -85.10324828
 2.333333333 915.4850695 -82.75903518
 2.4 913.9613928 -77.20345148
 2.466666667 915.5196292000001 -72.62736298
 2.533333333 913.2502223 -70.62718501000001
 2.6 906.6152231 -70.22706234
 2.666666667 906.068012 -70.14597702
 2.733333333 903.9783454 -73.55050962
 2.8 896.2754285 -74.19298512
 2.866666667 899.3766407000001 -71.79049843999999
 2.933333333 903.307447 -74.29579665
 3 897.5883318 -77.88127684
 3.066666667 896.5730191 -74.08182420999999
 3.133333333 896.3476674 -72.84243004
 3.2 896.3065671000001 -72.82644906
 3.266666667 896.6352098999999 -73.1064579
 3.333333333 891.6755067 -70.53785264
 3.4 891.4887815 -67.98369857
 3.466666667 888.5463213 -63.02705137
 3.533333333 889.2513986 -62.90984857
 3.6 886.8623416 -62.36428895
 3.666666667 883.6152370999999 -60.21712702
 3.733333333 880.3139105 -58.9151718
 3.8 877.4550564 -57.05944037
 3.866666667 877.3714946 -53.55304079
 3.933333333 878.9252157 -52.31186334
 4 875.9280371999999 -48.10810896
 4.066666667 877.8537063 -44.62314882
 4.133333333 876.1382088 -47.11720945
 4.2 873.6799799 -49.404256
 4.266666667 868.8209414 -50.20457406
 4.333333333 868.1299229 -49.68508099
 4.4 868.2452575999999 -49.53833658
 4.466666667 867.3893047 -51.59468523
 4.533333333 866.8073241 -52.52675442
 4.6 862.8707801 -55.09886053
 4.666666667 861.8017215 -54.06394721
 4.733333333 856.7964048 -56.78582638
 4.8 855.9169298 -53.58124777
 4.866666667 852.136314 -47.08016029
 4.933333333 848.9240953 -41.68779044
 5 848.2307571 -40.19258551
 5.066666667 847.0299636 -42.35635674
 5.133333333 841.578569 -41.93050172
 5.2 838.2806412 -37.60120206
 5.266666667 837.282195 -34.77650563
 5.333333333 837.3619243000001 -34.78830699
 5.4 832.6770964999999 -30.92319116
 5.466666667 829.2167406 -31.65827275
 5.533333333 825.0300638 -31.23768558
 5.6 824.4597849 -30.35321406
 5.666666667 818.3172603 -32.32330778
 5.733333333 817.8914857 -33.67132313
 5.8 819.2312521 -34.29098731
 5.866666667 822.0127146999999 -35.08810181
 5.933333333 821.5012279 -35.55781861
 6 819.6513221 -36.64520831
 6.066666667 821.3061972 -36.08592607
 6.133333333 815.8816006 -35.15458049
 6.2 815.6977818 -35.37789882
 6.266666667 816.2957473 -33.6514329
 6.333333333 813.119209 -24.78775971
 6.4 811.2543266 -21.75856607
 6.466666667 807.7871349 -18.58094091
 6.533333333 806.2358293 -15.55183933
 6.6 802.7589593 -12.35896971
 6.666666667 796.4510314 -12.96285808
 6.733333333 797.0168238 -10.73943826
 6.8 789.7319316000001 -9.297049341999999
 6.866666667 780.6825679 -9.825577659
 6.933333333 779.9819514 -10.08501268
 7 779.8011622 -4.19085056
 7.066666667 779.3617518 2.559549929
 7.133333333 771.4637325 5.087094818
 7.2 767.0955885 7.816509371
 7.266666667 767.2495216999999 8.832326219
 7.333333333 767.4317109 8.36744163
 7.4 769.0451187 6.320996326
 7.466666667 768.6541516 8.709170782999999
 7.533333333 766.2901032 13.72465648
 7.6 762.9560742 13.9841336
 7.666666667 766.6914394 15.21546229
 7.733333333 773.830272 18.45752942
 7.8 776.1704114 22.84517148
 7.866666667 772.5841655 26.26489216
 7.933333333 771.3855793 26.1497711
 8 766.6288049 28.44488951
 8.066666667 765.2700859 27.84865823
 8.133333332999999 761.2274621 31.24936837
 8.199999999999999 756.5207462 35.07693705
 8.266666667000001 758.1044176 37.60680442
 8.333333333000001 752.3781496 44.17507512
 8.4 752.7373105 44.94467424
 8.466666667 753.8296592 45.93810729
 8.533333333 754.3329628 44.95192766
 8.6 754.1547645000001 47.02274463
 8.666666666999999 755.6777581 47.27709654
 8.733333332999999 753.7532255 48.41487212
 8.800000000000001 750.8059483 53.73719022
 8.866666667000001 750.1441414 54.86861481
 8.933333333 748.2188683000001 55.55418167
 9 745.7304091 54.42478092
 9.066666667 744.8229617 53.77239943
 9.133333332999999 745.4887695 56.55856163
 9.199999999999999 743.0894821000001 59.49758434
 9.266666667000001 741.7953066 63.44302659
 9.333333333000001 743.9455194 59.43387186
 9.4 744.2150190999999 64.27330128
 9.466666667 746.4082873999999 69.13496464000001
 9.533333333 746.5934939 70.64986352
 9.6 744.2098578 72.28956739
 9.666666666999999 739.0480589 74.04113801
 9.733333332999999 734.4755099 78.74218791
 9.800000000000001 732.3734602 77.92700927999999
 9.866666667000001 728.2052907 79.98122777
 9.933333333 724.5531899 81.38696362
 10 722.0204436 81.15919452999999
 10.06666667 720.4030384 78.2518611
 10.13333333 716.8958954 77.23223157
 10.2 713.8808191000001 80.59362530999999
 10.26666667 708.2418357 81.20700131
 10.33333333 708.6796146 82.94615055
 10.4 704.7654063 81.83456225
 10.46666667 706.1578379 84.83548525
 10.53333333 706.4737291 85.76429629
 10.6 708.2438953 84.13276775
 10.66666667 708.4012164 82.67724329000001
 10.73333333 707.687184 83.12636171
 10.8 706.1619511 81.42105573000001
 10.86666667 703.0185422 80.81103743
 10.93333333 700.3069594 84.70612254
 11 699.6168997 86.68529302
 11.06666667 697.1377936 91.41635777
 11.13333333 696.7015847 95.67426637
 11.2 698.4359436 103.3907953
 11.26666667 698.8263406999999 110.5041181
 11.33333333 695.647279 113.3901634
 11.4 693.1806391 112.2154757
 11.46666667 692.1666322 109.1299618
 11.53333333 692.1180396 109.3869813
 11.6 692.6571321 109.4302917
 11.66666667 692.7840964 108.9595988
 11.73333333 692.5884972 109.6232406
 11.8 690.5000228 113.8307244
 11.86666667 686.7623793 111.355275
 11.93333333 680.6671579 113.6244561
 12 680.4321504 115.6065113
 12.06666667 683.8703 117.2607357
 12.13333333 680.9914396 113.4371147
 12.2 680.2258901 109.4100314
 12.26666667 678.1367304 111.1806298
 12.33333333 678.8630567 113.7246909
 12.4 681.3252046 113.8667243
 12.46666667 679.5230177 115.3336745
 12.53333333 677.4210069 117.3123112
 12.6 673.2886756 121.2453506
 12.66666667 671.429671 122.582925
 12.73333333 669.0910107 126.6947686
 12.8 671.1535557 131.6020781
 12.86666667 667.1223015 132.6233592
 12.93333333 661.4170077 134.1535398
 13 661.2302698 140.189908
 13.06666667 659.6259139 142.6984479
 13.13333333 659.8881402 140.6254531
 13.2 659.5353373 144.5080723
 13.26666667 661.0003357000001 148.9123734
 13.33333333 659.3269137 152.9033811
 13.4 657.8129942 154.9361271
 13.46666667 651.4817019 156.3012474
 13.53333333 643.3352075 154.2838022
 13.6 641.8132657 154.7885084
 13.66666667 641.2725373 157.6897223
 13.73333333 637.574056 154.0097729
 13.8 635.4836907 156.3274705
 13.86666667 631.6772399 156.9387989
 13.93333333 629.7763778 158.6186944
 14 627.825698 159.3898327
 14.06666667 627.8851304999999 163.653963
 14.13333333 625.0808631 171.7524491
 14.2 621.6026421 172.7455635
 14.26666667 615.6731629 172.1096166
 14.33333333 612.3017593 175.8641303
 14.4 612.1529843 177.490874
 14.46666667 608.7059256 179.3183591
 14.53333333 600.9533063 181.1048246
 14.6 600.2448333999999 185.0775605
 14.66666667 601.5686725 193.4106509
 14.73333333 599.5030034 198.6513392
 14.8 594.4880151999999 203.9621862
 14.86666667 596.0513311 207.2722887
 14.93333333 595.7375461 212.8265844
 15 594.2103453 215.83785
 15.06666667 592.9658276 215.5446196
 15.13333333 591.1042313 221.5366724
 15.2 587.1743911 223.1


# name: Carlos
# type: matrix
# rows: 424
# columns: 3
 5.666666667 629 -655
 5.733333333 630.7861741 -653.5923948
 5.8 628.9916748000001 -654.5989392
 5.866666667 627.293536 -655.3352175
 5.933333333 626.2165712 -658.2888845
 6 623.5562636 -660.8300304000001
 6.066666667 619.5631614 -663.458667
 6.133333333 618.6278631 -661.8028975
 6.2 617.6599981000001 -664.0181219
 6.266666667 614.2779335 -661.4947593000001
 6.333333333 613.0824006 -662.4089015
 6.4 611.6481118 -663.0123093
 6.466666667 611.2784533 -660.0930813
 6.533333333 609.3023313 -656.3975652
 6.6 607.2231286 -654.0780104
 6.666666667 606.0293123 -650.6664531
 6.733333333 604.2668064 -647.2134372
 6.8 605.6355897 -644.9585814
 6.866666667 605.7540742 -647.3200954
 6.933333333 605.2016033 -647.2840024
 7 606.1666758 -649.9464733
 7.066666667 603.6928416 -649.739419
 7.133333333 603.1755689 -649.7223001
 7.2 601.8117259000001 -649.1514415
 7.266666667 598.2067969 -645.8900422
 7.333333333 593.7037981 -640.2074108
 7.4 594.7375261 -642.4943023
 7.466666667 595.8853879 -645.0505963000001
 7.533333333 593.9508366 -647.2025189
 7.6 592.7582679 -651.0846355
 7.666666667 590.6301055 -652.2103676
 7.733333333 589.9662635 -652.3533893
 7.8 589.1353458 -650.810513
 7.866666667 592.7669777999999 -646.7993304
 7.933333333 593.3205078 -646.8486504
 8 596.7397225 -643.3506713
 8.066666667 597.1421937 -643.2287143999999
 8.133333332999999 598.8105172 -646.0617109
 8.199999999999999 596.3074261 -643.3253552
 8.266666667000001 596.1275495 -643.0677377
 8.333333333000001 595.3182702 -644.2236952
 8.4 596.5770666 -640.8271267
 8.466666667 594.5218526 -638.3534327
 8.533333333 596.0122333 -639.4032655
 8.6 595.6087099 -637.2249227
 8.666666666999999 594.6711999 -636.2632792000001
 8.733333332999999 593.4647019 -637.0357513
 8.800000000000001 590.4696118000001 -630.2523918000001
 8.866666667000001 588.1252289 -627.2637591
 8.933333333 588.4718003 -627.1882167
 9 587.4621597 -628.3766582
 9.066666667 582.2442516 -629.0080672
 9.133333332999999 577.83119 -627.6465999
 9.199999999999999 574.1822039 -626.277749
 9.266666667000001 575.7056578 -625.7288139
 9.333333333000001 574.8166187 -623.1449661
 9.4 573.0576404 -621.2188512
 9.466666667 573.4900332 -622.9388699
 9.533333333 572.303298 -626.6712929
 9.6 568.5020984 -625.7838767
 9.666666666999999 564.2062343 -624.8934867
 9.733333332999999 559.8880142 -627.1257171
 9.800000000000001 557.6545071 -627.2829001
 9.866666667000001 554.8396903 -624.588959
 9.933333333 556.8845841999999 -622.2295589
 10 557.989077 -622.0367312
 10.06666667 558.8302353 -618.7589199
 10.13333333 554.8113544 -611.7196499
 10.2 553.3385873 -606.6436492
 10.26666667 555.246902 -606.2150382
 10.33333333 551.8504076 -609.6893209999999
 10.4 546.4387781 -608.5144104
 10.46666667 543.1995256 -606.1773851
 10.53333333 537.3359889 -604.6145927
 10.6 537.4065661 -600.2351122
 10.66666667 534.7640844 -597.5079276
 10.73333333 528.7224654 -598.8135761
 10.8 525.8883135999999 -599.9963566
 10.86666667 529.3987595 -596.279527
 10.93333333 529.9989438 -595.6768145
 11 527.2563209 -595.6447927
 11.06666667 525.2097037 -594.0370708
 11.13333333 523.5416052 -586.6666575
 11.2 526.4695419 -590.3053538
 11.26666667 523.1968165 -592.1595984
 11.33333333 519.3776124 -592.3529832
 11.4 520.092011 -585.2777995
 11.46666667 517.2631478 -583.1685105
 11.53333333 515.8446609 -581.9713808
 11.6 512.8457926999999 -577.1168647
 11.66666667 511.085641 -580.9950702
 11.73333333 515.4666249000001 -582.087922
 11.8 513.1201744 -584.2102127000001
 11.86666667 514.1870593 -582.536897
 11.93333333 513.6652785 -577.5754094
 12 509.6220685 -573.2337731
 12.06666667 506.3998663 -571.9348369000001
 12.13333333 507.3611754 -575.3912145
 12.2 505.374285 -580.7001156
 12.26666667 498.4900744 -581.3010819
 12.33333333 496.2413247 -580.1194497
 12.4 494.8378009 -577.2329251
 12.46666667 493.3365296 -573.4183684
 12.53333333 501.5416538 -570.7736988
 12.6 505.6445171 -568.8482713
 12.66666667 508.4315384 -566.1024124
 12.73333333 507.5582806 -566.5363452
 12.8 504.8014979 -566.0020719
 12.86666667 503.2834773 -562.447045
 12.93333333 502.60493 -558.7483154
 13 500.3034835 -554.4466692
 13.06666667 497.9149578 -554.4821624
 13.13333333 497.6657603 -554.1048876999999
 13.2 494.4685554 -545.3034863
 13.26666667 494.1567378 -543.5653765
 13.33333333 492.1811739 -541.3246901
 13.4 489.9627831 -542.7113551
 13.46666667 490.4839157 -542.7320496
 13.53333333 488.1782322 -543.0506172
 13.6 490.4355344 -541.2562199
 13.66666667 488.0967381 -537.2307407
 13.73333333 487.997363 -537.4468493000001
 13.8 482.5613461 -538.0326971
 13.86666667 481.0018043 -537.3932718999999
 13.93333333 476.8628552 -540.1311822
 14 467 -537.5
 14.06666667 468.6036924 -536.7490467
 14.13333333 466.9326199 -535.0134048
 14.2 466.4781252 -529.3562868
 14.26666667 464.5583213 -528.5473838
 14.33333333 458.4804878 -525.733051
 14.4 454.5041199 -526.0740446999999
 14.46666667 453.2261803 -520.5789732
 14.53333333 452.520846 -517.6241659
 14.6 454.025381 -519.1403274
 14.66666667 453.0427569 -515.0370623
 14.73333333 451.0078909 -514.6805528
 14.8 451.4360769 -516.5475011
 14.86666667 452.7537159 -513.5076289
 14.93333333 452.2321951 -507.7029098
 15 451.0568345 -507.0420774
 15.06666667 451.6557441 -507.2699047
 15.13333333 451.9160044 -509.0835068
 15.2 449.3240467 -507.590176
 15.26666667 451.2274918 -507.1828118
 15.33333333 454.5644441 -508.7072796
 15.4 454.2576727 -508.8834478
 15.46666667 452.5595131 -503.8480306
 15.53333333 451.3991572 -498.3208369
 15.6 456.2601482 -492.9416358
 15.66666667 458.443902 -492.6786812
 15.73333333 458.4231885 -491.7903447
 15.8 459.6799716 -486.7267166
 15.86666667 457.7743154 -484.163021
 15.93333333 451.8501174 -480.8740819
 16 453.1144995 -478.5037498
 16.06666667 455.1505529 -479.6019031
 16.13333333 453.2305536 -477.1455013
 16.2 454.2332325 -476.875449
 16.26666667 458.6238868 -471.3048888
 16.33333333 459.1060826 -472.4328715
 16.4 461.7697246 -472.1582262
 16.46666667 463.9901325 -467.6946684
 16.53333333 465.3649807 -469.9350922
 16.6 463.019128 -469.4684037
 16.66666667 461.3221822 -470.1321564
 16.73333333 454.5523297 -468.6730976
 16.8 452.5656093 -466.7665719
 16.86666667 449.3645841 -463.0698046
 16.93333333 443.0120762 -464.3064912
 17 438.9022661 -464.9702767
 17.06666667 432.7091668 -458.6287261
 17.13333333 431.0886941 -460.4701652
 17.2 433.6886115 -460.8909612
 17.26666667 435.2881496 -458.65902
 17.33333333 433.1122819 -457.5143935
 17.4 427.9593413 -456.4361779
 17.46666667 428.1495399 -453.2477324
 17.53333333 428.8263009 -450.6451757
 17.6 428.2747907 -448.9039978
 17.66666667 426.0243631 -448.9000112
 17.73333333 426.5276452 -444.6125501
 17.8 426.1255507 -444.4456611
 17.86666667 430.9956141 -445.3369159
 17.93333333 431.351988 -436.491012
 18 431.1198342 -430.0215821
 18.06666667 437.1222451 -426.2430471
 18.13333333 437.2140318 -423.5903051
 18.2 439.8442092 -420.4164243
 18.26666667 436.5917261 -419.2995629
 18.33333333 436.543195 -420.711235
 18.4 438.8928595 -417.3070741
 18.46666667 432.0188599 -414.6713277
 18.53333333 424.3285802 -409.9584643
 18.6 423.8946626 -412.6756986
 18.66666667 424.9035052 -411.3674529
 18.73333333 424.7289117 -410.5639706
 18.8 421.7863425 -408.406157
 18.86666667 422.5866066 -408.1846505
 18.93333333 423.5048946 -406.5403333
 19 422.7354111 -402.8276464
 19.06666667 425.025178 -402.9868695
 19.13333333 422.0686885 -399.5417456
 19.2 421.2944732 -399.0564629
 19.26666667 413.5259849 -397.2264165
 19.33333333 409.9043698 -396.6326176
 19.4 404.4521991 -390.958668
 19.46666667 403.9918913 -390.2964848
 19.53333333 402.2256687 -388.6857105
 19.6 402.3769452 -383.1444548
 19.66666667 403.0514482 -375.7395276
 19.73333333 404.2895241 -379.2803635
 19.8 405.639247 -380.3735304
 19.86666667 409.0823971 -382.5297923
 19.93333333 408.3387201 -378.0957606
 20 408.5184466 -379.474299
 20.06666667 406.3153292 -375.1060522
 20.13333333 402.3543991 -374.0618797
 20.2 403.6536974 -373.8668761
 20.26666667 403.7759531 -369.642806
 20.33333333 401.8227036 -369.275139
 20.4 395.2107094 -363.7529496
 20.46666667 392.9118618 -361.4723951
 20.53333333 389.1328644 -357.0616213
 20.6 388.3864338 -355.030568
 20.66666667 388.9767996 -355.3312259
 20.73333333 389.7898761 -359.2025174
 20.8 390.1024032 -355.4503884
 20.86666667 389.1763137 -356.6319395
 20.93333333 386.0355521 -359.256612
 21 384.3924634 -355.2236305
 21.06666667 385.4001085 -348.9429592
 21.13333333 385.4077117 -340.6176982
 21.2 383.2275334 -342.2267633
 21.26666667 382.1792956 -343.820928
 21.33333333 380.3332741 -344.0602593
 21.4 376.1599528 -343.2663559
 21.46666667 375.481305 -342.4481666
 21.53333333 371.2771952 -337.9873301
 21.6 373.3570293 -337.8850171
 21.66666667 373.81843 -336.5796812
 21.73333333 368.5927624 -337.1358134
 21.8 370.4598685 -333.6327012
 21.86666667 374.9617567 -332.33426
 21.93333333 375.1540554 -331.4095464
 22 371.1589943 -328.7610696
 22.06666667 366.5 -320.5
 22.13333333 363.5088383 -320.3436059
 22.2 362.8304615 -320.5611907
 22.26666667 362.4519079 -321.4974574
 22.33333333 358.9433126 -322.7327702
 22.4 358.5 -318.5
 22.46666667 356.561297 -319.298728
 22.53333333 351.2441295 -318.4824273
 22.6 353.9563813 -319.3715732
 22.66666667 357.0956008 -318.5457525
 22.73333333 360.3090185 -320.6347058
 22.8 354.8810485 -321.8797617
 22.86666667 350.584669 -320.9168562
 22.93333333 346.2896604 -318.6365683
 23 349.5836985 -316.5539861
 23.06666667 351.3539354 -313.4324018
 23.13333333 355.5049941 -309.5115504
 23.2 361.5647837 -304.939673
 23.26666667 360.8522327 -302.2470815
 23.33333333 357.37336 -297.3593899
 23.4 356 -286.5
 23.46666667 353.5992907 -282.8217697
 23.53333333 353.7937338 -282.2099852
 23.6 354.0336823 -282.0280066
 23.66666667 352.4737503 -281.1360755
 23.73333333 349.8038564 -283.0252726
 23.8 348.3735919 -279.2445898
 23.86666667 345.5499109 -276.3228715
 23.93333333 343.7086375 -273.3442254
 24 345.900853 -270.2301596
 24.06666667 346.3668797 -269.9100081
 24.13333333 344.316097 -267.214076
 24.2 342.4305984 -265.7910845
 24.26666667 339.7932116 -263.7669951
 24.33333333 328.1339606 -266.8435678
 24.4 324.0181836 -266.0979528
 24.46666667 318.37879 -262.7084193
 24.53333333 316.3898421 -258.614027
 24.6 311.9282421 -254.2783187
 24.66666667 312.1550802 -254.8174598
 24.73333333 309.9032457 -258.1196894
 24.8 307.7656938 -262.1123853
 24.86666667 305.0147365 -265.4803552
 24.93333333 303.8739017 -262.5944652
 25 306.4633039 -262.0766043
 25.06666667 306.1954292 -264.625075
 25.13333333 308.1749751 -260.977988
 25.2 308.2890602 -262.6736672
 25.26666667 307.7007726 -264.5778773
 25.33333333 304.1448279 -262.7173455
 25.4 295.9698981 -260.3244681
 25.46666667 299.0677014 -257.5193461
 25.53333333 303.6795183 -254.29426
 25.6 303.8223827 -256.8226235
 25.66666667 307.8039812 -261.2696118
 25.73333333 310.204699 -258.7277371
 25.8 308.0663648 -257.5264938
 25.86666667 305.9148221 -258.932699
 25.93333333 301.7444474 -260.8674879
 26 297.9883596 -262.6498926
 26.06666667 293.9270498 -258.8960342
 26.13333333 286.4624517 -253.3728626
 26.2 283.2002721 -248.4483635
 26.26666667 282.912464 -248.4311838
 26.33333333 282.8973311 -246.1455563
 26.4 283.5074766 -246.7025119
 26.46666667 282.6340596 -242.2717157
 26.53333333 284.6546856 -243.8240719
 26.6 286.1581887 -241.8609826
 26.66666667 280.9801433 -243.54063
 26.73333333 278.9028772 -243.3364483
 26.8 270 -239.5
 26.86666667 267.244698 -237.1631983
 26.93333333 264.952227 -235.3876967
 27 267.2932766 -236.8585249
 27.06666667 270.4590419 -238.2877504
 27.13333333 270.9168268 -242.8064324
 27.2 269.949035 -243.5334151
 27.26666667 272.0130564 -242.5479941
 27.33333333 271.7420308 -242.8455462
 27.4 269.363808 -240.1927122
 27.46666667 268.8286591 -238.6496654
 27.53333333 269.5533644 -230.8250343
 27.6 268.3885424 -228.4164726
 27.66666667 267.7015144 -230.2871191
 27.73333333 265.7583531 -228.3769036
 27.8 264.1966868 -226.8211053
 27.86666667 262.3648378 -222.29927
 27.93333333 260.5386385 -222.6251927
 28 261.9793957 -222.8128503
 28.06666667 261.333925 -224.1880656
 28.13333333 262.3729413 -226.7805206
 28.2 262.1160726 -230.1747696
 28.26666667 261.7999523 -230.6819251
 28.33333333 258.5628669 -230.3303179
 28.4 258.1939443 -228.9578691
 28.46666667 253.5968276 -227.0710492
 28.53333333 251.3359872 -230.3232863
 28.6 255.2859227 -230.6945474
 28.66666667 258.4659071 -228.5789216
 28.73333333 257.4450514 -228.2369759
 28.8 252.335 -226.1730002
 28.86666667 248.2990104 -222.2169838
 28.93333333 243.8974415 -220.6842275
 29 246.1877076 -222.1990206
 29.06666667 251.8046371 -220.4263994
 29.13333333 257.5032742 -217.5380914
 29.2 253.9523178 -214.9775732
 29.26666667 255.9076789 -215.5199853
 29.33333333 260.2722643 -214.7712118
 29.4 260.2425501 -212.7152901
 29.46666667 259.7510629 -210.597674
 29.53333333 258.381816 -207.3220108
 29.6 255.9732462 -206.4633738
 29.66666667 252.1716848 -208.1323649
 29.73333333 252.0217368 -207.7334669
 29.8 250 -210
 29.86666667 249.4674282 -209.4321575
 29.93333333 246.0031285 -208.2788897
 30 241 -202
 30.06666667 240.8378864 -200.2834488
 30.13333333 238.5156689 -199.9785115
 30.2 234.5220122 -200.23333
 30.26666667 232.770552 -201.7198323
 30.33333333 233.0112304 -205.9463961
 30.4 232.1348311 -206.9138521
 30.46666667 230.3227299 -204.4753169
 30.53333333 230.3806249 -206.5660639
 30.6 235.2691326 -200.339084
 30.66666667 231.8453087 -198.3576923
 30.73333333 221.287359 -192.8262315
 30.8 221.204481 -189.674832
 30.86666667 221.606439 -187.9998839
 30.93333333 216.9268613 -188.9301955
 31 216.4203 -185.4894469
 31.06666667 210 -186
 31.13333333 202.5 -178
 31.2 198.3387583 -181.5265817
 31.26666667 198.7874449 -179.7874773
 31.33333333 196.8448953 -180.0365301
 31.4 198.670515 -182.3597767
 31.46666667 198.8436353 -179.3765296
 31.53333333 194.2950024 -175.5319321
 31.6 190.8248312 -177.0052749
 31.66666667 190.7726435 -176.1649521
 31.73333333 190.2983 -172.5715875
 31.8 190.7935099 -171.434159
 31.86666667 191.871995 -169.5151252
 31.93333333 192.4973296 -166.2744014
 32 191.2003173 -164.6803495
 32.06666667 194.7291001 -164.3894329
 32.13333333 195.4577101 -164.2372101
 32.2 196.3253786 -167.5583128
 32.26666667 197.5082915 -165.9437478
 32.33333333 197.4535359 -163.6243975
 32.4 199.3631544 -161.5880904
 32.46666667 194.7891677 -154.327959
 32.53333333 192.194536 -147.7264379
 32.6 191.5647851 -149.4326439
 32.66666667 189.4390543 -151.8174639
 32.73333333 191.421861 -153.080395
 32.8 191.2403036 -145.0836665
 32.86666667 193.484415 -144.0767233
 32.93333333 196.5093154 -143.9116011
 33 198.1859392 -142.7665361
 33.06666667 195.9127135 -138.294451
 33.13333333 194.0880714 -134.4402167
 33.2 192.6271715 -135.1875454
 33.26666667 191.1761272 -132.9473632
 33.33333333 187.8806013 -129.601757
 33.4 180.6435767 -126.2879274
 33.46666667 181.0645869 -126.0374591
 33.53333333 175.078605 -124.0364743
 33.6 169.7305131 -123.0637443
 33.66666667 159.1903025 -118.2252203
 33.73333333 152.6997309 -111.9063801
 33.8 147.3603211 -101.5668625
 33.86666667 140.9032453 -98.02781514


# name: David
# type: matrix
# rows: 194
# columns: 3
 -0.06666666667 195 -105
 0 193.4304951 -102.2405734
 0.06666666667 194.6556583 -104.1965317
 0.1333333333 193.52599 -102.7782463
 0.2 193.3868295 -100.2357257
 0.2666666667 197.5578218 -98.15129328
 0.3333333333 200.6022442 -101.7852805
 0.4 202.9472079 -102.6321928
 0.4666666667 201.0451654 -98.93520427999999
 0.5333333333 199.3429266 -94.62016093
 0.6 199.0143677 -93.7593772
 0.6666666667 195.3014769 -93.57950255999999
 0.7333333332999999 193.7464511 -91.78619376
 0.8 192.5571715 -86.67969325999999
 0.8666666667 188.9651311 -84.07148572
 0.9333333333 185.7195809 -82.28069895
 1 183.0210096 -77.98096271999999
 1.066666667 182.2999323 -75.09571132000001
 1.133333333 180.6863895 -75.40861853
 1.2 185.1268865 -72.64036097
 1.266666667 185.884681 -70.06689048
 1.333333333 185.894397 -69.55639542999999
 1.4 183.7895278 -66.36849567
 1.466666667 177.4773483 -62.32568015
 1.533333333 174.9174325 -61.72052133
 1.6 176.041059 -60.2074103
 1.666666667 175.3118085 -59.70754359
 1.733333333 175.3343996 -58.10050348
 1.8 176.1074075 -58.04039719
 1.866666667 170.3835442 -54.90812003
 1.933333333 169.9367922 -52.24698243
 2 171.6023665 -47.13872793
 2.066666667 169.1735017 -42.61166332
 2.133333333 169.2797702 -45.94356851
 2.2 171.2774817 -49.70215803
 2.266666667 169.6760978 -52.54793414
 2.333333333 167.7000631 -51.69333704
 2.4 165.6863835 -51.07938371
 2.466666667 164.8962553 -50.38482584
 2.533333333 160.5708357 -47.81112831
 2.6 161.253646 -40.94582309
 2.666666667 158.0995207 -35.24017813
 2.733333333 160.3625998 -33.49784843
 2.8 159.338101 -33.34933839
 2.866666667 155.7407209 -34.39838383
 2.933333333 159.3644286 -36.43384879
 3 160.654372 -36.89633099
 3.066666667 160.848587 -35.22974351
 3.133333333 159.3938681 -34.94683189
 3.2 161.4805019 -36.86931931
 3.266666667 163.5649505 -37.33377241
 3.333333333 161.5507186 -38.53895573
 3.4 158.8942665 -34.82199045
 3.466666667 156.4098024 -33.93348162
 3.533333333 150.2400702 -35.67751165
 3.6 150.7105457 -32.17892459
 3.666666667 150.315316 -27.68330225
 3.733333333 149.4099238 -23.89173495
 3.8 150.2978011 -23.93596697
 3.866666667 151.1633958 -25.82109272
 3.933333333 148.6443004 -25.18211701
 4 143.5927169 -18.71511237
 4.066666667 144.761086 -15.89851138
 4.133333333 141.0438516 -13.13060392
 4.2 142.2777471 -15.36294611
 4.266666667 142.7289746 -16.47233071
 4.333333333 138.9246561 -8.011802389
 4.4 136.1892808 -3.620405917
 4.466666667 137.3402776 -5.484234626
 4.533333333 137.8457245 -5.17163007
 4.6 138.2785099 -2.86499812
 4.666666667 136.2427943 -3.3075704
 4.733333333 136.6695863 -0.2812900837
 4.8 135.2804473 2.360126656
 4.866666667 136.5576817 5.822162722
 4.933333333 132.7738843 7.713764885
 5 131.161468 5.967890001
 5.066666667 134.579909 6.329415025
 5.133333333 128.7651321 7.762260273
 5.2 128.5819601 12.80695306
 5.266666667 129.301363 14.34398304
 5.333333333 129.3878822 13.90671059
 5.4 131.2267151 16.20843602
 5.466666667 129.8322271 19.93280063
 5.533333333 123.2510875 18.2527987
 5.6 122.9333909 18.40648184
 5.666666667 123.3884385 14.01212783
 5.733333333 122.6739135 21.76823551
 5.8 118.1559588 24.10552763
 5.866666667 110.8408447 24.15463789
 5.933333333 108.3564951 20.96451718
 6 106.9582541 20.00517184
 6.066666667 108.9162838 16.43938672
 6.133333333 110.435519 20.1122612
 6.2 104.8120082 25.44162555
 6.266666667 100.9009639 29.92631408
 6.333333333 100.8321334 33.15562835
 6.4 103.0313863 35.82423388
 6.466666667 104.8413975 33.08699844
 6.533333333 104.1082077 32.11578001
 6.6 108.9021961 36.40334911
 6.666666667 108.9691345 38.97344054
 6.733333333 110.5075957 42.23549426
 6.8 107.8136216 43.86617992
 6.866666667 102.1370301 42.83638598
 6.933333333 103.7689681 39.49753061
 7 107.7749963 42.49600268
 7.066666667 102.7583216 45.62850081
 7.133333333 99.13880104 48.84270553
 7.2 99.13943190000001 50.92489159
 7.266666667 99.49345058999999 49.56310538
 7.333333333 97.72511356 53.68024934
 7.4 102.0333501 57.3206078
 7.466666667 103.6307914 56.20905803
 7.533333333 100.4485803 55.76237331
 7.6 92.05752834 58.62784315
 7.666666667 86.13027354 63.68074954
 7.733333333 85.0486665 66.87619481999999
 7.8 83.65747837000001 66.71132247
 7.866666667 80.47317975999999 67.02208043
 7.933333333 78.94570714 70.99002186
 8 76.42150499 73.02112624999999
 8.066666667 72.5218248 72.81809624
 8.133333332999999 67.55186064 73.69228579999999
 8.199999999999999 68.14294515 74.02221557999999
 8.266666667000001 68.064201 72.9543644
 8.333333333000001 67.97564869999999 76.55056913999999
 8.4 65.13298172 81.46044448000001
 8.466666667 62.90027259 81.25073716999999
 8.533333333 68.28216707999999 85.17343381000001
 8.6 69.20924608 85.42794128
 8.666666666999999 69.29373649999999 82.81889952
 8.733333332999999 73.86405353000001 82.56909414
 8.800000000000001 68.39798352 86.77369544
 8.866666667000001 59.68593308 86.71279619000001
 8.933333333 58.05221863 83.6428023
 9 55.84109497 84.68847100000001
 9.066666667 56.44467111 85.87667471
 9.133333332999999 56.47461875 86.02971764
 9.199999999999999 55.59010759 85.83153991
 9.266666667000001 55.58005425 90.08024922
 9.333333333000001 51.01583375 90.56931385999999
 9.4 49.76836307 92.98454753
 9.466666667 49.69186509 95.86090569
 9.533333333 47.40352958 97.98548601
 9.6 50.96074055 102.1726193
 9.666666666999999 50.5590469 103.0345939
 9.733333332999999 50.18390448 108.3500025
 9.800000000000001 48.0212851 109.9268908
 9.866666667000001 47.68116503 117.4141462
 9.933333333 46.34108938 121.8997222
 10 43.69532311 123.1344691
 10.06666667 38.20178527 124.3419954
 10.13333333 37.80110907 126.2854794
 10.2 37.8698523 128.89782
 10.26666667 37.85593158 134.1687031
 10.33333333 37.9360549 133.7734125
 10.4 34.99750809 139.164644
 10.46666667 29.09493279 139.0763426
 10.53333333 29.79317498 145.2641049
 10.6 33.91121964 144.4755653
 10.66666667 36.82195203 146.5174174
 10.73333333 32.40120237 148.4108162
 10.8 33.74010529 149.9651218
 10.86666667 29.16893897 151.3220798
 10.93333333 29.57935026 153.023028
 11 30.13365224 156.4399433
 11.06666667 27.78427837 157.7605195
 11.13333333 28.26428455 157.4995714
 11.2 24.97738317 163.9878972
 11.26666667 26.98607762 165.6393036
 11.33333333 28.29368914 167.8082723
 11.4 28.12600078 171.9621205
 11.46666667 25.0916722 173.835617
 11.53333333 22.05966702 171.3708685
 11.6 21.77478295 163.7218894
 11.66666667 23.53352067 162.288592
 11.73333333 21.10424898 166.3753759
 11.8 18.07786625 171.1999911
 11.86666667 18.27304892 176.0486375
 11.93333333 13.83989421 174.3443419
 12 10.85081807 176.8565355
 12.06666667 8.662323394 177.5424391
 12.13333333 5.452904456 182.055497
 12.2 4.279342666 187.8310329
 12.26666667 11.37409354 193.0745157
 12.33333333 12.37339634 198.1309715
 12.4 12.26376509 197.918374
 12.46666667 11.15835728 201.3449732
 12.53333333 6.096624307 207.9834182
 12.6 4.657366037 210.1369544
 12.66666667 6.357735645 216.6
 12.73333333 9.880033339000001 216.6
 12.8 10.68470921 216.6


