date/time: ,02/05/2017,11:28 a.m.
Run 1

time	(V)
0,000000	4,755739E+0
0,010000	4,755337E+0
0,020000	4,756442E+0
0,030000	4,754082E+0
0,040000	4,755136E+0
0,050000	4,755889E+0
0,060000	4,756191E+0
0,070000	4,757496E+0
0,080000	4,755588E+0
0,090000	4,755488E+0
0,100000	4,754483E+0
0,110000	4,754634E+0
0,120000	4,755689E+0
0,130000	4,754182E+0
0,140000	4,756392E+0
0,150000	4,752826E+0
0,160000	4,756291E+0
0,170000	4,756793E+0
0,180000	4,755287E+0
0,190000	4,755588E+0
0,200000	4,755136E+0
0,210000	4,755437E+0
0,220000	4,756442E+0
0,230000	4,755789E+0
0,240000	4,757597E+0
0,250000	4,754684E+0
0,260000	4,756442E+0
0,270000	4,754584E+0
0,280000	4,754031E+0
0,290000	4,756894E+0
0,300000	4,753730E+0
0,310000	4,757697E+0
0,320000	4,667253E+0
0,330000	2,610694E+0
0,340000	4,755689E+0
0,350000	4,756090E+0
0,360000	4,757697E+0
0,370000	4,753429E+0
0,380000	4,755689E+0
0,390000	4,754584E+0
0,400000	4,756392E+0
0,410000	4,757547E+0
0,420000	4,755387E+0
0,430000	4,757647E+0
0,440000	4,754282E+0
0,450000	4,754232E+0
0,460000	4,756442E+0
0,470000	4,756492E+0
0,480000	4,757798E+0
0,490000	4,752776E+0
0,500000	4,755538E+0
0,510000	4,754433E+0
0,520000	4,755538E+0
0,530000	4,756994E+0
0,540000	4,754684E+0
0,550000	4,754634E+0
0,560000	4,755086E+0
0,570000	4,754383E+0
0,580000	4,757044E+0
0,590000	4,754734E+0
0,600000	4,759806E+0
0,610000	4,755437E+0
0,620000	4,753529E+0
0,630000	4,754282E+0
0,640000	4,756141E+0
0,650000	4,758551E+0
0,660000	4,755337E+0
0,670000	4,756793E+0
0,680000	4,754433E+0
0,690000	4,758350E+0
0,700000	4,754885E+0
0,710000	4,756944E+0
0,720000	4,756392E+0
0,730000	4,756492E+0
0,740000	4,757044E+0
0,750000	4,753931E+0
0,760000	2,519949E+0
0,770000	4,757145E+0
0,780000	4,755337E+0
0,790000	4,755990E+0
0,800000	4,754935E+0
0,810000	4,755136E+0
0,820000	4,756241E+0
0,830000	4,753228E+0
0,840000	4,757496E+0
0,850000	4,754985E+0
0,860000	4,755588E+0
0,870000	4,755940E+0
0,880000	4,755990E+0
0,890000	4,756994E+0
0,900000	4,755638E+0
0,910000	4,755588E+0
0,920000	4,755036E+0
0,930000	4,754985E+0
0,940000	4,756141E+0
0,950000	4,756442E+0
0,960000	4,757697E+0
0,970000	4,754534E+0
0,980000	4,756994E+0
0,990000	4,754333E+0
1,000000	4,755086E+0
1,010000	4,755789E+0
1,020000	4,757195E+0
1,030000	4,754433E+0
1,040000	4,754182E+0
1,050000	4,754132E+0
1,060000	4,757346E+0
1,070000	4,755940E+0
1,080000	4,757044E+0
1,090000	4,756241E+0
1,100000	4,755940E+0
1,110000	4,754734E+0
1,120000	4,755136E+0
1,130000	4,756291E+0
1,140000	4,755889E+0
1,150000	4,754634E+0
1,160000	4,754935E+0
1,170000	4,756040E+0
1,180000	4,756994E+0
1,190000	2,697020E+0
1,200000	4,577462E+0
1,210000	4,754734E+0
1,220000	4,759103E+0
1,230000	4,754031E+0
1,240000	4,755940E+0
1,250000	4,756994E+0
1,260000	4,754835E+0
1,270000	4,755086E+0
1,280000	4,755036E+0
1,290000	4,757095E+0
1,300000	4,756341E+0
1,310000	4,752424E+0
1,320000	4,757195E+0
1,330000	4,756592E+0
1,340000	4,756492E+0
1,350000	4,754282E+0
1,360000	4,756844E+0
1,370000	4,757296E+0
1,380000	4,755889E+0
1,390000	4,754483E+0
1,400000	4,755488E+0
1,410000	4,757195E+0
1,420000	4,755488E+0
1,430000	4,755036E+0
1,440000	4,757346E+0
1,450000	4,753931E+0
1,460000	4,756040E+0
1,470000	4,753881E+0
1,480000	4,755990E+0
1,490000	4,755387E+0
1,500000	4,755839E+0
1,510000	4,755287E+0
1,520000	4,755237E+0
1,530000	4,756542E+0
1,540000	4,756241E+0
1,550000	4,754835E+0
1,560000	4,756492E+0
1,570000	4,754734E+0
1,580000	4,756040E+0
1,590000	4,754534E+0
1,600000	4,755086E+0
1,610000	4,757095E+0
1,620000	4,307737E+0
1,630000	2,967700E+0
1,640000	4,755789E+0
1,650000	4,755237E+0
1,660000	4,758451E+0
1,670000	4,754885E+0
1,680000	4,758199E+0
1,690000	4,752274E+0
1,700000	4,758601E+0
1,710000	4,754333E+0
1,720000	4,755839E+0
1,730000	4,757999E+0
1,740000	4,758752E+0
1,750000	4,755889E+0
1,760000	4,754885E+0
1,770000	4,755889E+0
1,780000	4,754534E+0
1,790000	4,755437E+0
1,800000	4,754282E+0
1,810000	4,754634E+0
1,820000	4,756040E+0
1,830000	4,753228E+0
1,840000	4,754785E+0
1,850000	4,756442E+0
1,860000	4,753127E+0
1,870000	4,754785E+0
1,880000	4,755387E+0
1,890000	4,754835E+0
1,900000	4,753178E+0
1,910000	4,755136E+0
1,920000	4,758199E+0
1,930000	4,754584E+0
1,940000	4,756894E+0
1,950000	4,754835E+0
1,960000	4,756743E+0
1,970000	4,755638E+0
1,980000	4,755036E+0
1,990000	4,755739E+0
2,000000	4,756241E+0
2,010000	4,755337E+0
2,020000	4,755940E+0
2,030000	4,753830E+0
2,040000	4,754785E+0
2,050000	4,754282E+0
2,060000	2,522209E+0
2,070000	4,753178E+0
2,080000	4,757496E+0
2,090000	4,753630E+0
2,100000	4,756693E+0
2,110000	4,754383E+0
2,120000	4,757346E+0
2,130000	4,755689E+0
2,140000	4,756592E+0
2,150000	4,756191E+0
2,160000	4,755287E+0
2,170000	4,757245E+0
2,180000	4,754885E+0
2,190000	4,754584E+0
2,200000	4,756442E+0
2,210000	4,754935E+0
2,220000	4,755990E+0
2,230000	4,755136E+0
2,240000	4,757195E+0
2,250000	4,756793E+0
2,260000	4,755186E+0
2,270000	4,755086E+0
2,280000	4,757547E+0
2,290000	4,756291E+0
2,300000	4,757396E+0
2,310000	4,754835E+0
2,320000	4,756492E+0
2,330000	4,754132E+0
2,340000	4,754634E+0
2,350000	4,754534E+0
2,360000	4,756894E+0
2,370000	4,758049E+0
2,380000	4,756894E+0
2,390000	4,754684E+0
2,400000	4,756944E+0
2,410000	4,754684E+0
2,420000	4,757296E+0
2,430000	4,753680E+0
2,440000	4,756743E+0
2,450000	4,755538E+0
2,460000	4,759254E+0
2,470000	4,755237E+0
2,480000	4,754835E+0
2,490000	2,520150E+0
2,500000	4,756994E+0
2,510000	4,754684E+0
2,520000	4,758551E+0
2,530000	4,753378E+0
2,540000	4,757195E+0
2,550000	4,753579E+0
2,560000	4,755990E+0
2,570000	4,754935E+0
2,580000	4,757496E+0
2,590000	4,753529E+0
2,600000	4,757095E+0
2,610000	4,754534E+0
2,620000	4,757948E+0
2,630000	4,754785E+0
2,640000	4,756643E+0
2,650000	4,755689E+0
2,660000	4,755287E+0
2,670000	4,752927E+0
2,680000	4,757396E+0
2,690000	4,756291E+0
2,700000	4,755186E+0
2,710000	4,755638E+0
2,720000	4,755237E+0
2,730000	4,756291E+0
2,740000	4,755789E+0
2,750000	4,754433E+0
2,760000	4,757296E+0
2,770000	4,755136E+0
2,780000	4,755889E+0
2,790000	4,754132E+0
2,800000	4,758702E+0
2,810000	4,753529E+0
2,820000	4,756090E+0
2,830000	4,755237E+0
2,840000	4,757547E+0
2,850000	4,755940E+0
2,860000	4,756592E+0
2,870000	4,755889E+0
2,880000	4,756944E+0
2,890000	4,754082E+0
2,900000	4,758852E+0
2,910000	4,754182E+0
2,920000	2,700385E+0
2,930000	4,574449E+0
2,940000	4,757597E+0
2,950000	4,755186E+0
2,960000	4,754835E+0
2,970000	4,756341E+0
2,980000	4,756994E+0
2,990000	4,755638E+0
3,000000	4,755638E+0
3,010000	4,754333E+0
3,020000	4,756693E+0
3,030000	4,754534E+0
3,040000	4,756040E+0
3,050000	4,756392E+0
3,060000	4,756944E+0
3,070000	4,755990E+0
3,080000	4,754433E+0
3,090000	4,753529E+0
3,100000	4,756040E+0
3,110000	4,755588E+0
3,120000	4,755739E+0
3,130000	4,753981E+0
3,140000	4,756341E+0
3,150000	4,754985E+0
3,160000	4,757597E+0
3,170000	4,755337E+0
3,180000	4,756894E+0
3,190000	4,756392E+0
3,200000	4,755940E+0
3,210000	4,756141E+0
3,220000	4,756442E+0
3,230000	4,755337E+0
3,240000	4,757195E+0
3,250000	4,755638E+0
3,260000	4,755940E+0
3,270000	4,753378E+0
3,280000	4,756241E+0
3,290000	4,754433E+0
3,300000	4,757396E+0
3,310000	4,754684E+0
3,320000	4,756793E+0
3,330000	4,756040E+0
3,340000	4,755237E+0
3,350000	3,681810E+0
3,360000	3,572936E+0
3,370000	4,754333E+0
3,380000	4,756994E+0
3,390000	4,753429E+0
3,400000	4,757145E+0
3,410000	4,753780E+0
3,420000	4,759254E+0
3,430000	4,753178E+0
3,440000	4,757346E+0
3,450000	4,756492E+0
3,460000	4,757798E+0
3,470000	4,756643E+0
3,480000	4,756592E+0
3,490000	4,753579E+0
3,500000	4,754785E+0
3,510000	4,754483E+0
3,520000	4,755789E+0
3,530000	4,752977E+0
3,540000	4,756542E+0
3,550000	4,753429E+0
3,560000	4,757446E+0
3,570000	4,755839E+0
3,580000	4,754031E+0
3,590000	4,754584E+0
3,600000	4,756592E+0
3,610000	4,754031E+0
3,620000	4,755990E+0
3,630000	4,754935E+0
3,640000	4,757195E+0
3,650000	4,753579E+0
3,660000	4,757396E+0
3,670000	4,754232E+0
3,680000	4,758300E+0
3,690000	4,755237E+0
3,700000	4,757145E+0
3,710000	4,755186E+0
3,720000	4,756492E+0
3,730000	4,756592E+0
3,740000	4,758953E+0
3,750000	4,756040E+0
3,760000	4,755789E+0
3,770000	4,756944E+0
3,780000	4,758451E+0
3,790000	2,519999E+0
3,800000	4,758350E+0
3,810000	4,754734E+0
3,820000	4,756944E+0
3,830000	4,755337E+0
3,840000	4,755990E+0
3,850000	4,756793E+0
3,860000	4,756241E+0
3,870000	4,752475E+0
3,880000	4,756844E+0
3,890000	4,754333E+0
3,900000	4,759053E+0
3,910000	4,753479E+0
3,920000	4,755839E+0
3,930000	4,753178E+0
3,940000	4,757195E+0
3,950000	4,755136E+0
3,960000	4,756040E+0
3,970000	4,755337E+0
3,980000	4,756141E+0
3,990000	4,754885E+0
4,000000	4,755287E+0
4,010000	4,754534E+0
4,020000	4,757195E+0
4,030000	4,753328E+0
4,040000	4,756743E+0
4,050000	4,754232E+0
4,060000	4,757095E+0
4,070000	4,756844E+0
4,080000	4,756090E+0
4,090000	4,755488E+0
4,100000	4,755488E+0
4,110000	4,754534E+0
4,120000	4,755437E+0
4,130000	4,753981E+0
4,140000	4,756994E+0
4,150000	4,753529E+0
4,160000	4,756693E+0
4,170000	4,754634E+0
4,180000	4,757647E+0
4,190000	4,752927E+0
4,200000	4,756492E+0
4,210000	4,754534E+0
4,220000	2,520853E+0
4,230000	4,755387E+0
4,240000	4,757245E+0
4,250000	4,755036E+0
4,260000	4,756592E+0
4,270000	4,754132E+0
4,280000	4,757948E+0
4,290000	4,754182E+0
4,300000	4,756542E+0
4,310000	4,754433E+0
4,320000	4,757848E+0
4,330000	4,753830E+0
4,340000	4,756492E+0
4,350000	4,754534E+0
4,360000	4,756492E+0
4,370000	4,754584E+0
4,380000	4,756743E+0
4,390000	4,755287E+0
4,400000	4,758099E+0
4,410000	4,754282E+0
4,420000	4,757296E+0
4,430000	4,753830E+0
4,440000	4,758099E+0
4,450000	4,754785E+0
4,460000	4,757547E+0
4,470000	4,754835E+0
4,480000	4,755889E+0
4,490000	4,756693E+0
4,500000	4,756542E+0
4,510000	4,754935E+0
4,520000	4,758501E+0
4,530000	4,755086E+0
4,540000	4,756844E+0
4,550000	4,755086E+0
4,560000	4,756442E+0
4,570000	4,753579E+0
4,580000	4,758852E+0
4,590000	4,752826E+0
4,600000	4,755638E+0
4,610000	4,754232E+0
4,620000	4,755337E+0
4,630000	4,755689E+0
4,640000	4,755940E+0
4,650000	2,609389E+0
4,660000	4,667002E+0
4,670000	4,753931E+0
4,680000	4,756090E+0
4,690000	4,753429E+0
4,700000	4,756793E+0
4,710000	4,753830E+0
4,720000	4,757798E+0
4,730000	4,754031E+0
4,740000	4,755337E+0
4,750000	4,756090E+0
4,760000	4,755287E+0
4,770000	4,754534E+0
4,780000	4,756894E+0
4,790000	4,753378E+0
4,800000	4,756743E+0
4,810000	4,753228E+0
4,820000	4,756341E+0
4,830000	4,753830E+0
4,840000	4,757748E+0
4,850000	4,755186E+0
4,860000	4,755839E+0
4,870000	4,756392E+0
4,880000	4,754584E+0
4,890000	4,753228E+0
4,900000	4,755839E+0
4,910000	4,756241E+0
4,920000	4,757496E+0
4,930000	4,753178E+0
4,940000	4,757095E+0
4,950000	4,754634E+0
4,960000	4,756040E+0
4,970000	4,754082E+0
4,980000	4,756291E+0
4,990000	4,753178E+0
5,000000	4,757496E+0
5,010000	4,754082E+0
5,020000	4,757346E+0
5,030000	4,756492E+0
5,040000	4,758802E+0
5,050000	4,755136E+0
5,060000	4,756743E+0
5,070000	4,754885E+0
5,080000	3,682815E+0
5,090000	3,590563E+0
5,100000	4,758651E+0
5,110000	4,754282E+0
5,120000	4,757547E+0
5,130000	4,755638E+0
5,140000	4,756643E+0
5,150000	4,753127E+0
5,160000	4,756944E+0
5,170000	4,754985E+0
5,180000	4,756090E+0
5,190000	4,754182E+0
5,200000	4,757798E+0
5,210000	4,753178E+0
5,220000	4,758501E+0
5,230000	4,754534E+0
5,240000	4,759154E+0
5,250000	4,755287E+0
5,260000	4,758250E+0
5,270000	4,754684E+0
5,280000	4,756141E+0
5,290000	4,755186E+0
5,300000	4,756844E+0
5,310000	4,754734E+0
5,320000	4,756844E+0
5,330000	4,755739E+0
5,340000	4,756442E+0
5,350000	4,753278E+0
5,360000	4,758350E+0
5,370000	4,752123E+0
5,380000	4,757748E+0
5,390000	4,753328E+0
5,400000	4,757848E+0
5,410000	4,754684E+0
5,420000	4,756442E+0
5,430000	4,754584E+0
5,440000	4,757095E+0
5,450000	4,755136E+0
5,460000	4,755739E+0
5,470000	4,754483E+0
5,480000	4,756994E+0
5,490000	4,753027E+0
5,500000	4,754333E+0
5,510000	4,755437E+0
5,520000	2,609539E+0
5,530000	4,753479E+0
5,540000	4,755186E+0
5,550000	4,756442E+0
5,560000	4,758802E+0
5,570000	4,755136E+0
5,580000	4,756894E+0
5,590000	4,754885E+0
5,600000	4,753579E+0
5,610000	4,754232E+0
5,620000	4,756643E+0
5,630000	4,753579E+0
5,640000	4,760610E+0
5,650000	4,753981E+0
5,660000	4,759907E+0
5,670000	4,753881E+0
5,680000	4,758099E+0
5,690000	4,754483E+0
5,700000	4,755437E+0
5,710000	4,754534E+0
5,720000	4,758049E+0
5,730000	4,755186E+0
5,740000	4,757748E+0
5,750000	4,753429E+0
5,760000	4,758802E+0
5,770000	4,752625E+0
5,780000	4,758350E+0
5,790000	4,752826E+0
5,800000	4,759606E+0
5,810000	4,752675E+0
5,820000	4,756392E+0
5,830000	4,753630E+0
5,840000	4,758350E+0
5,850000	4,754232E+0
5,860000	4,756542E+0
5,870000	4,753178E+0
5,880000	4,754634E+0
5,890000	4,755488E+0
5,900000	4,755889E+0
5,910000	4,755990E+0
5,920000	4,758501E+0
5,930000	4,753479E+0
5,940000	4,759656E+0
5,950000	2,518242E+0
5,960000	4,756141E+0
5,970000	4,754885E+0
5,980000	4,755638E+0
5,990000	4,752525E+0
6,000000	4,754584E+0
6,010000	4,756191E+0
6,020000	4,758651E+0
6,030000	4,755889E+0
6,040000	4,758551E+0
6,050000	4,755588E+0
6,060000	4,759355E+0
6,070000	4,752776E+0
6,080000	4,756994E+0
6,090000	4,753479E+0
6,100000	4,756693E+0
6,110000	4,753981E+0
6,120000	4,757396E+0
6,130000	4,757195E+0
6,140000	4,755990E+0
6,150000	4,756894E+0
6,160000	4,757396E+0
6,170000	4,756793E+0
6,180000	4,758400E+0
6,190000	4,753579E+0
6,200000	4,757145E+0
6,210000	4,752525E+0
6,220000	4,755136E+0
6,230000	4,754282E+0
6,240000	4,758451E+0
6,250000	4,756040E+0
6,260000	4,756241E+0
6,270000	4,754534E+0
6,280000	4,757145E+0
6,290000	4,754835E+0
6,300000	4,756090E+0
6,310000	4,754433E+0
6,320000	4,759455E+0
6,330000	4,754232E+0
6,340000	4,757346E+0
6,350000	4,753881E+0
6,360000	4,757597E+0
6,370000	4,754985E+0
6,380000	2,609539E+0
6,390000	4,665546E+0
6,400000	4,756793E+0
6,410000	4,754534E+0
6,420000	4,755638E+0
6,430000	4,754634E+0
6,440000	4,757195E+0
6,450000	4,753730E+0
6,460000	4,757245E+0
6,470000	4,753830E+0
6,480000	4,758099E+0
6,490000	4,753680E+0
6,500000	4,757647E+0
6,510000	4,755839E+0
6,520000	4,757647E+0
6,530000	4,754031E+0
6,540000	4,756592E+0
6,550000	4,754383E+0
6,560000	4,755488E+0
6,570000	4,755990E+0
6,580000	4,757948E+0
6,590000	4,753780E+0
6,600000	4,757044E+0
6,610000	4,753127E+0
6,620000	4,758099E+0
6,630000	4,755186E+0
6,640000	4,757898E+0
6,650000	4,752324E+0
6,660000	4,756994E+0
6,670000	4,755237E+0
6,680000	4,756040E+0
6,690000	4,755940E+0
6,700000	4,755237E+0
6,710000	4,753579E+0
6,720000	4,758903E+0
6,730000	4,752876E+0
6,740000	4,758752E+0
6,750000	4,756894E+0
6,760000	4,757296E+0
6,770000	4,753579E+0
6,780000	4,756341E+0
6,790000	4,754734E+0
6,800000	4,756392E+0
6,810000	3,771250E+0
6,820000	3,505040E+0
6,830000	4,755689E+0
6,840000	4,756844E+0
6,850000	4,753730E+0
6,860000	4,759304E+0
6,870000	4,753127E+0
6,880000	4,755437E+0
6,890000	4,754182E+0
6,900000	4,757798E+0
6,910000	4,752876E+0
6,920000	4,758551E+0
6,930000	4,755689E+0
6,940000	4,756994E+0
6,950000	4,754433E+0
6,960000	4,755889E+0
6,970000	4,755387E+0
6,980000	4,757346E+0
6,990000	4,754383E+0
7,000000	4,758501E+0
7,010000	4,753630E+0
7,020000	4,757446E+0
7,030000	4,753981E+0
7,040000	4,756743E+0
7,050000	4,753228E+0
7,060000	4,757999E+0
7,070000	4,755036E+0
7,080000	4,758852E+0
7,090000	4,754935E+0
7,100000	4,758149E+0
7,110000	4,753429E+0
7,120000	4,757948E+0
7,130000	4,754333E+0
7,140000	4,756844E+0
7,150000	4,755940E+0
7,160000	4,758049E+0
7,170000	4,753680E+0
7,180000	4,758501E+0
7,190000	4,754734E+0
7,200000	4,756743E+0
7,210000	4,755237E+0
7,220000	4,757195E+0
7,230000	4,755689E+0
7,240000	4,667002E+0
7,250000	2,609640E+0
7,260000	4,757446E+0
7,270000	4,753931E+0
7,280000	4,758953E+0
7,290000	4,753529E+0
7,300000	4,758651E+0
7,310000	4,752977E+0
7,320000	4,757547E+0
7,330000	4,754734E+0
7,340000	4,756191E+0
7,350000	4,755437E+0
7,360000	4,757245E+0
7,370000	4,755889E+0
7,380000	4,755689E+0
7,390000	4,755437E+0
7,400000	4,756040E+0
7,410000	4,754333E+0
7,420000	4,757296E+0
7,430000	4,753278E+0
7,440000	4,757346E+0
7,450000	4,753830E+0
7,460000	4,757396E+0
7,470000	4,755036E+0
7,480000	4,757597E+0
7,490000	4,755036E+0
7,500000	4,758551E+0
7,510000	4,755387E+0
7,520000	4,756341E+0
7,530000	4,754483E+0
7,540000	4,755990E+0
7,550000	4,754132E+0
7,560000	4,755889E+0
7,570000	4,755739E+0
7,580000	4,758400E+0
7,590000	4,756492E+0
7,600000	4,756442E+0
7,610000	4,753579E+0
7,620000	4,757948E+0
7,630000	4,755186E+0
7,640000	4,757095E+0
7,650000	4,755437E+0
7,660000	4,757446E+0
7,670000	4,754985E+0
7,680000	2,520100E+0
7,690000	4,755990E+0
7,700000	4,755287E+0
7,710000	4,755538E+0
7,720000	4,758651E+0
7,730000	4,753178E+0
7,740000	4,755538E+0
7,750000	4,757195E+0
7,760000	4,757647E+0
7,770000	4,753429E+0
7,780000	4,758802E+0
7,790000	4,753127E+0
7,800000	4,759505E+0
7,810000	4,752073E+0
7,820000	4,758400E+0
7,830000	4,752625E+0
7,840000	4,758651E+0
7,850000	4,754584E+0
7,860000	4,757848E+0
7,870000	4,755136E+0
7,880000	4,756743E+0
7,890000	4,754483E+0
7,900000	4,759103E+0
7,910000	4,752726E+0
7,920000	4,757597E+0
7,930000	4,754835E+0
7,940000	4,756090E+0
7,950000	4,754282E+0
7,960000	4,758099E+0
7,970000	4,755387E+0
7,980000	4,755387E+0
7,990000	4,753830E+0
8,000000	4,756542E+0
8,010000	4,756894E+0
8,020000	4,757396E+0
8,030000	4,754031E+0
8,040000	4,757697E+0
8,050000	4,753730E+0
8,060000	4,758903E+0
8,070000	4,751671E+0
8,080000	4,757547E+0
8,090000	4,754132E+0
8,100000	4,755036E+0
8,110000	2,608535E+0
8,120000	4,759355E+0
8,130000	4,754282E+0
8,140000	4,754684E+0
8,150000	4,754634E+0
8,160000	4,757647E+0
8,170000	4,756894E+0
8,180000	4,756894E+0
8,190000	4,752123E+0
8,200000	4,757044E+0
8,210000	4,756191E+0
8,220000	4,757597E+0
8,230000	4,751922E+0
8,240000	4,758953E+0
8,250000	4,753579E+0
8,260000	4,758501E+0
8,270000	4,752726E+0
8,280000	4,758049E+0
8,290000	4,753981E+0
8,300000	4,756894E+0
8,310000	4,754785E+0
8,320000	4,756994E+0
8,330000	4,755136E+0
8,340000	4,757798E+0
8,350000	4,754684E+0
8,360000	4,758350E+0
8,370000	4,752324E+0
8,380000	4,757898E+0
8,390000	4,755136E+0
8,400000	4,756291E+0
8,410000	4,754584E+0
8,420000	4,757697E+0
8,430000	4,755136E+0
8,440000	4,757145E+0
8,450000	4,757547E+0
8,460000	4,754835E+0
8,470000	4,754785E+0
8,480000	4,755287E+0
8,490000	4,753228E+0
8,500000	4,756191E+0
8,510000	4,753529E+0
8,520000	4,756743E+0
8,530000	4,752726E+0
8,540000	2,525523E+0
8,550000	4,753529E+0
8,560000	4,756241E+0
8,570000	4,753931E+0
8,580000	4,756542E+0
8,590000	4,753730E+0
8,600000	4,756090E+0
8,610000	4,756693E+0
8,620000	4,753881E+0
8,630000	4,753328E+0
8,640000	4,756944E+0
8,650000	4,755437E+0
8,660000	4,755488E+0
8,670000	4,753579E+0
8,680000	4,759204E+0
8,690000	4,753529E+0
8,700000	4,755337E+0
8,710000	4,754785E+0
8,720000	4,754383E+0
8,730000	4,755990E+0
8,740000	4,757346E+0
8,750000	4,753378E+0
8,760000	4,753529E+0
8,770000	4,755789E+0
8,780000	4,754835E+0
8,790000	4,752927E+0
8,800000	4,757848E+0
8,810000	4,753479E+0
8,820000	4,755789E+0
8,830000	4,755237E+0
8,840000	4,755136E+0
8,850000	4,754534E+0
8,860000	4,758601E+0
8,870000	4,753630E+0
8,880000	4,756392E+0
8,890000	4,755136E+0
8,900000	4,753479E+0
8,910000	4,755689E+0
8,920000	4,754785E+0
8,930000	4,754985E+0
8,940000	4,755538E+0
8,950000	4,753680E+0
8,960000	4,755287E+0
8,970000	2,606426E+0
8,980000	4,755588E+0
8,990000	4,753680E+0
9,000000	4,756844E+0
9,010000	4,754333E+0
9,020000	4,755337E+0
9,030000	4,755136E+0
9,040000	4,756040E+0
9,050000	4,754433E+0
9,060000	4,752726E+0
9,070000	4,755387E+0
9,080000	4,755437E+0
9,090000	4,757145E+0
9,100000	4,758199E+0
9,110000	4,754684E+0
9,120000	4,757547E+0
9,130000	4,755739E+0
9,140000	4,757647E+0
9,150000	4,753579E+0
9,160000	4,754584E+0
9,170000	4,754132E+0
9,180000	4,754785E+0
9,190000	4,756141E+0
9,200000	4,756291E+0
9,210000	4,755990E+0
9,220000	4,755990E+0
9,230000	4,754082E+0
9,240000	4,753830E+0
9,250000	4,756291E+0
9,260000	4,757095E+0
9,270000	4,753228E+0
9,280000	4,754383E+0
9,290000	4,755638E+0
9,300000	4,755889E+0
9,310000	4,754031E+0
9,320000	4,755387E+0
9,330000	4,757748E+0
9,340000	4,753328E+0
9,350000	4,757848E+0
9,360000	4,754182E+0
9,370000	4,755889E+0
9,380000	4,757346E+0
9,390000	4,755437E+0
9,400000	2,785757E+0
9,410000	4,572892E+0
9,420000	4,756442E+0
9,430000	4,755337E+0
9,440000	4,756090E+0
9,450000	4,756141E+0
9,460000	4,757195E+0
9,470000	4,754935E+0
9,480000	4,755237E+0
9,490000	4,756040E+0
9,500000	4,755638E+0
9,510000	4,754584E+0
9,520000	4,753378E+0
9,530000	4,755488E+0
9,540000	4,755036E+0
9,550000	4,754483E+0
9,560000	4,756592E+0
9,570000	4,754182E+0
9,580000	4,757296E+0
9,590000	4,754534E+0
9,600000	4,755839E+0
9,610000	4,753429E+0
9,620000	4,755689E+0
9,630000	4,753881E+0
9,640000	4,754835E+0
9,650000	4,755789E+0
9,660000	4,754634E+0
9,670000	4,756844E+0
9,680000	4,755337E+0
9,690000	4,755789E+0
9,700000	4,755940E+0
9,710000	4,755387E+0
9,720000	4,754734E+0
9,730000	4,755387E+0
9,740000	4,753931E+0
9,750000	4,753830E+0
9,760000	4,754785E+0
9,770000	4,755086E+0
9,780000	4,755488E+0
9,790000	4,755889E+0
9,800000	4,753479E+0
9,810000	4,756492E+0
9,820000	4,752675E+0
9,830000	3,504789E+0
9,840000	3,774113E+0
9,850000	4,754031E+0
9,860000	4,755036E+0
9,870000	4,753127E+0
9,880000	4,754684E+0
9,890000	4,756090E+0
9,900000	4,756241E+0
9,910000	4,754232E+0
9,920000	4,753630E+0
9,930000	4,758099E+0
9,940000	4,752525E+0
9,950000	4,758350E+0
9,960000	4,753178E+0
9,970000	4,755488E+0
9,980000	4,755036E+0
9,990000	4,754684E+0
10,000000	4,753931E+0

